MEME version 5.0.5

ALPHABET= ACDEFGHIKLMNPQRSTVWY

Background letter frequencies
A 0.068272 C 0.003838 D 0.058037 E 0.082577 F 0.017795 G 0.063096 H 0.018202 I 0.025936 K 0.048558 L 0.064201 M 0.013317 N 0.025936 P 0.102873 Q 0.040591 R 0.086706 S 0.172249 T 0.050942 V 0.043615 W 0.003489 Y 0.009770 

MOTIF xxxRRx_S_xxxxxx    ...RR.S......
letter-probability matrix: alength= 20 w= 13 nsites= 158 E= 9.9e-032
0.075949	0.000000	0.063291	0.069620	0.006329	0.063291	0.006329	0.031646	0.063291	0.082278	0.012658	0.018987	0.132911	0.056962	0.139241	0.101266	0.031646	0.037975	0.000000	0.006329	
0.050633	0.006329	0.050633	0.113924	0.012658	0.044304	0.018987	0.063291	0.082278	0.094937	0.018987	0.025316	0.088608	0.056962	0.075949	0.107595	0.044304	0.025316	0.006329	0.012658	
0.056962	0.000000	0.025316	0.107595	0.025316	0.107595	0.018987	0.006329	0.094937	0.050633	0.006329	0.025316	0.082278	0.069620	0.107595	0.069620	0.069620	0.050633	0.000000	0.025316	
0.000000	0.000000	0.000000	0.000000	0.000000	0.000000	0.000000	0.000000	0.000000	0.000000	0.000000	0.000000	0.000000	0.000000	1.000000	0.000000	0.000000	0.000000	0.000000	0.000000	
0.000000	0.000000	0.000000	0.000000	0.000000	0.000000	0.000000	0.000000	0.000000	0.000000	0.000000	0.000000	0.000000	0.000000	1.000000	0.000000	0.000000	0.000000	0.000000	0.000000	
0.088608	0.006329	0.031646	0.044304	0.037975	0.075949	0.012658	0.044304	0.050633	0.145570	0.025316	0.063291	0.056962	0.037975	0.075949	0.075949	0.044304	0.082278	0.000000	0.000000	
0.000000	0.000000	0.000000	0.000000	0.000000	0.000000	0.000000	0.000000	0.000000	0.000000	0.000000	0.000000	0.000000	0.000000	0.000000	1.000000	0.000000	0.000000	0.000000	0.000000	
0.107595	0.006329	0.094937	0.107595	0.063291	0.082278	0.025316	0.012658	0.006329	0.101266	0.018987	0.018987	0.031646	0.101266	0.031646	0.094937	0.018987	0.050633	0.006329	0.018987	
0.082278	0.006329	0.120253	0.101266	0.000000	0.056962	0.006329	0.025316	0.000000	0.088608	0.012658	0.044304	0.158228	0.056962	0.000000	0.088608	0.088608	0.050633	0.006329	0.006329	
0.101266	0.006329	0.075949	0.101266	0.018987	0.088608	0.000000	0.012658	0.000000	0.101266	0.012658	0.025316	0.069620	0.044304	0.006329	0.170886	0.037975	0.075949	0.025316	0.025316	
0.075949	0.000000	0.082278	0.113924	0.012658	0.050633	0.018987	0.056962	0.000000	0.094937	0.006329	0.025316	0.126582	0.044304	0.018987	0.164557	0.031646	0.044304	0.000000	0.031646	
0.082278	0.000000	0.075949	0.113924	0.012658	0.101266	0.018987	0.031646	0.018987	0.101266	0.012658	0.025316	0.101266	0.044304	0.018987	0.132911	0.031646	0.056962	0.000000	0.018987	
0.082278	0.000000	0.050633	0.056962	0.050633	0.082278	0.012658	0.018987	0.018987	0.088608	0.012658	0.025316	0.101266	0.063291	0.037975	0.151899	0.063291	0.044304	0.012658	0.025316	

MOTIF xxxxxG_S_Pxxxxx    .....GSP.....
letter-probability matrix: alength= 20 w= 13 nsites= 42 E= 6.6e-007
0.121951	0.048780	0.048780	0.024390	0.000000	0.048780	0.073171	0.000000	0.024390	0.097561	0.048780	0.000000	0.195122	0.024390	0.024390	0.121951	0.073171	0.024390	0.000000	0.000000	
0.095238	0.000000	0.023810	0.071429	0.023810	0.047619	0.023810	0.000000	0.023810	0.047619	0.071429	0.000000	0.095238	0.142857	0.071429	0.142857	0.000000	0.095238	0.000000	0.023810	
0.023810	0.000000	0.047619	0.071429	0.000000	0.142857	0.000000	0.047619	0.047619	0.000000	0.000000	0.047619	0.095238	0.023810	0.119048	0.261905	0.047619	0.000000	0.000000	0.023810	
0.214286	0.000000	0.000000	0.023810	0.000000	0.047619	0.023810	0.000000	0.047619	0.047619	0.000000	0.071429	0.119048	0.047619	0.047619	0.166667	0.000000	0.095238	0.023810	0.023810	
0.142857	0.000000	0.047619	0.095238	0.047619	0.095238	0.047619	0.000000	0.000000	0.023810	0.023810	0.023810	0.190476	0.000000	0.119048	0.095238	0.000000	0.023810	0.000000	0.023810	
0.000000	0.000000	0.000000	0.000000	0.000000	1.000000	0.000000	0.000000	0.000000	0.000000	0.000000	0.000000	0.000000	0.000000	0.000000	0.000000	0.000000	0.000000	0.000000	0.000000	
0.000000	0.000000	0.000000	0.000000	0.000000	0.000000	0.000000	0.000000	0.000000	0.000000	0.000000	0.000000	0.000000	0.000000	0.000000	1.000000	0.000000	0.000000	0.000000	0.000000	
0.000000	0.000000	0.000000	0.000000	0.000000	0.000000	0.000000	0.000000	0.000000	0.000000	0.000000	0.000000	1.000000	0.000000	0.000000	0.000000	0.000000	0.000000	0.000000	0.000000	
0.095238	0.000000	0.047619	0.047619	0.000000	0.047619	0.047619	0.047619	0.023810	0.095238	0.000000	0.047619	0.047619	0.047619	0.095238	0.190476	0.071429	0.047619	0.000000	0.000000	
0.119048	0.000000	0.000000	0.071429	0.000000	0.071429	0.000000	0.047619	0.023810	0.000000	0.000000	0.071429	0.214286	0.023810	0.071429	0.047619	0.047619	0.095238	0.000000	0.095238	
0.166667	0.000000	0.095238	0.095238	0.047619	0.047619	0.023810	0.000000	0.047619	0.119048	0.000000	0.000000	0.023810	0.047619	0.023810	0.190476	0.023810	0.047619	0.000000	0.000000	
0.095238	0.000000	0.071429	0.047619	0.047619	0.119048	0.023810	0.023810	0.047619	0.023810	0.000000	0.000000	0.047619	0.095238	0.047619	0.119048	0.095238	0.047619	0.023810	0.023810	
0.119048	0.000000	0.047619	0.047619	0.000000	0.047619	0.023810	0.000000	0.047619	0.000000	0.000000	0.023810	0.285714	0.095238	0.095238	0.071429	0.071429	0.000000	0.000000	0.023810	

MOTIF xxxxGx_S_Pxxxxx    ....G.SP.....
letter-probability matrix: alength= 20 w= 13 nsites= 36 E= 2.2e-006
0.138889	0.027778	0.027778	0.055556	0.000000	0.027778	0.000000	0.055556	0.055556	0.083333	0.000000	0.000000	0.055556	0.027778	0.055556	0.138889	0.111111	0.111111	0.027778	0.000000	
0.194444	0.027778	0.027778	0.083333	0.000000	0.083333	0.000000	0.000000	0.027778	0.027778	0.027778	0.027778	0.055556	0.083333	0.111111	0.111111	0.083333	0.027778	0.000000	0.000000	
0.222222	0.027778	0.000000	0.027778	0.055556	0.055556	0.000000	0.000000	0.055556	0.055556	0.027778	0.000000	0.166667	0.000000	0.055556	0.000000	0.111111	0.138889	0.000000	0.000000	
0.111111	0.000000	0.000000	0.027778	0.000000	0.138889	0.000000	0.000000	0.027778	0.027778	0.027778	0.055556	0.250000	0.027778	0.055556	0.138889	0.027778	0.055556	0.000000	0.027778	
0.000000	0.000000	0.000000	0.000000	0.000000	1.000000	0.000000	0.000000	0.000000	0.000000	0.000000	0.000000	0.000000	0.000000	0.000000	0.000000	0.000000	0.000000	0.000000	0.000000	
0.111111	0.000000	0.000000	0.027778	0.083333	0.000000	0.083333	0.027778	0.055556	0.055556	0.055556	0.083333	0.111111	0.083333	0.027778	0.138889	0.055556	0.000000	0.000000	0.000000	
0.000000	0.000000	0.000000	0.000000	0.000000	0.000000	0.000000	0.000000	0.000000	0.000000	0.000000	0.000000	0.000000	0.000000	0.000000	1.000000	0.000000	0.000000	0.000000	0.000000	
0.000000	0.000000	0.000000	0.000000	0.000000	0.000000	0.000000	0.000000	0.000000	0.000000	0.000000	0.000000	1.000000	0.000000	0.000000	0.000000	0.000000	0.000000	0.000000	0.000000	
0.166667	0.000000	0.027778	0.027778	0.000000	0.111111	0.027778	0.083333	0.055556	0.027778	0.000000	0.000000	0.027778	0.055556	0.083333	0.138889	0.055556	0.111111	0.000000	0.000000	
0.166667	0.000000	0.055556	0.083333	0.000000	0.055556	0.055556	0.000000	0.000000	0.027778	0.027778	0.027778	0.138889	0.000000	0.083333	0.138889	0.027778	0.083333	0.000000	0.027778	
0.027778	0.000000	0.000000	0.083333	0.027778	0.111111	0.083333	0.000000	0.083333	0.000000	0.000000	0.027778	0.166667	0.055556	0.055556	0.138889	0.083333	0.055556	0.000000	0.000000	
0.083333	0.000000	0.083333	0.055556	0.000000	0.083333	0.055556	0.027778	0.027778	0.111111	0.055556	0.000000	0.000000	0.111111	0.111111	0.166667	0.000000	0.027778	0.000000	0.000000	
0.138889	0.000000	0.083333	0.055556	0.000000	0.138889	0.000000	0.027778	0.000000	0.166667	0.027778	0.055556	0.027778	0.000000	0.055556	0.083333	0.055556	0.083333	0.000000	0.000000	

MOTIF xxxRKx_S_xxxxxx    ...RK.S......
letter-probability matrix: alength= 20 w= 13 nsites= 91 E= 2.3e-017
0.055556	0.000000	0.066667	0.055556	0.011111	0.055556	0.044444	0.022222	0.100000	0.077778	0.011111	0.022222	0.066667	0.033333	0.088889	0.188889	0.077778	0.022222	0.000000	0.000000	
0.065934	0.032967	0.000000	0.043956	0.010989	0.054945	0.000000	0.000000	0.065934	0.076923	0.043956	0.032967	0.131868	0.065934	0.098901	0.131868	0.054945	0.043956	0.010989	0.032967	
0.065934	0.000000	0.021978	0.065934	0.010989	0.043956	0.010989	0.021978	0.241758	0.043956	0.000000	0.010989	0.076923	0.021978	0.087912	0.164835	0.087912	0.010989	0.010989	0.000000	
0.000000	0.000000	0.000000	0.000000	0.000000	0.000000	0.000000	0.000000	0.000000	0.000000	0.000000	0.000000	0.000000	0.000000	1.000000	0.000000	0.000000	0.000000	0.000000	0.000000	
0.000000	0.000000	0.000000	0.000000	0.000000	0.000000	0.000000	0.000000	1.000000	0.000000	0.000000	0.000000	0.000000	0.000000	0.000000	0.000000	0.000000	0.000000	0.000000	0.000000	
0.109890	0.000000	0.087912	0.021978	0.032967	0.087912	0.010989	0.054945	0.010989	0.142857	0.032967	0.032967	0.065934	0.065934	0.142857	0.010989	0.054945	0.021978	0.000000	0.010989	
0.000000	0.000000	0.000000	0.000000	0.000000	0.000000	0.000000	0.000000	0.000000	0.000000	0.000000	0.000000	0.000000	0.000000	0.000000	1.000000	0.000000	0.000000	0.000000	0.000000	
0.043956	0.000000	0.065934	0.109890	0.065934	0.065934	0.010989	0.043956	0.000000	0.142857	0.043956	0.032967	0.000000	0.065934	0.000000	0.131868	0.032967	0.131868	0.010989	0.000000	
0.098901	0.000000	0.087912	0.076923	0.010989	0.109890	0.000000	0.032967	0.000000	0.065934	0.000000	0.010989	0.131868	0.043956	0.010989	0.186813	0.032967	0.087912	0.010989	0.000000	
0.032967	0.000000	0.109890	0.153846	0.043956	0.043956	0.021978	0.021978	0.000000	0.076923	0.000000	0.054945	0.087912	0.109890	0.000000	0.120879	0.054945	0.054945	0.000000	0.010989	
0.098901	0.000000	0.076923	0.098901	0.021978	0.076923	0.000000	0.043956	0.010989	0.043956	0.021978	0.032967	0.065934	0.065934	0.021978	0.131868	0.076923	0.087912	0.010989	0.010989	
0.065934	0.000000	0.076923	0.109890	0.032967	0.043956	0.032967	0.043956	0.021978	0.087912	0.043956	0.032967	0.087912	0.021978	0.010989	0.197802	0.032967	0.021978	0.010989	0.021978	
0.087912	0.000000	0.032967	0.164835	0.000000	0.021978	0.032967	0.054945	0.076923	0.087912	0.000000	0.043956	0.098901	0.021978	0.010989	0.120879	0.065934	0.054945	0.010989	0.010989	

MOTIF xxxxSx_S_Pxxxxx    ....S.SP.....
letter-probability matrix: alength= 20 w= 13 nsites= 54 E= 6.8e-008
0.074074	0.000000	0.129630	0.018519	0.055556	0.055556	0.037037	0.018519	0.111111	0.129630	0.000000	0.018519	0.074074	0.018519	0.092593	0.074074	0.037037	0.037037	0.000000	0.018519	
0.111111	0.000000	0.055556	0.074074	0.018519	0.111111	0.018519	0.018519	0.074074	0.037037	0.000000	0.000000	0.037037	0.055556	0.129630	0.148148	0.055556	0.055556	0.000000	0.000000	
0.037037	0.000000	0.148148	0.037037	0.018519	0.055556	0.000000	0.000000	0.000000	0.018519	0.000000	0.092593	0.111111	0.074074	0.148148	0.129630	0.037037	0.074074	0.000000	0.018519	
0.166667	0.000000	0.037037	0.055556	0.018519	0.129630	0.055556	0.018519	0.018519	0.074074	0.000000	0.037037	0.092593	0.037037	0.166667	0.055556	0.000000	0.018519	0.000000	0.018519	
0.000000	0.000000	0.000000	0.000000	0.000000	0.000000	0.000000	0.000000	0.000000	0.000000	0.000000	0.000000	0.000000	0.000000	0.000000	1.000000	0.000000	0.000000	0.000000	0.000000	
0.055556	0.037037	0.092593	0.037037	0.018519	0.000000	0.055556	0.018519	0.000000	0.092593	0.055556	0.074074	0.148148	0.037037	0.037037	0.111111	0.055556	0.074074	0.000000	0.000000	
0.000000	0.000000	0.000000	0.000000	0.000000	0.000000	0.000000	0.000000	0.000000	0.000000	0.000000	0.000000	0.000000	0.000000	0.000000	1.000000	0.000000	0.000000	0.000000	0.000000	
0.000000	0.000000	0.000000	0.000000	0.000000	0.000000	0.000000	0.000000	0.000000	0.000000	0.000000	0.000000	1.000000	0.000000	0.000000	0.000000	0.000000	0.000000	0.000000	0.000000	
0.113208	0.037736	0.018868	0.169811	0.000000	0.075472	0.018868	0.000000	0.037736	0.037736	0.000000	0.018868	0.113208	0.018868	0.094340	0.150943	0.037736	0.037736	0.000000	0.018868	
0.056604	0.000000	0.037736	0.037736	0.018868	0.037736	0.037736	0.018868	0.056604	0.094340	0.018868	0.037736	0.094340	0.056604	0.132075	0.188679	0.037736	0.000000	0.018868	0.018868	
0.075472	0.000000	0.018868	0.150943	0.018868	0.075472	0.000000	0.075472	0.018868	0.075472	0.000000	0.037736	0.075472	0.018868	0.018868	0.207547	0.037736	0.094340	0.000000	0.000000	
0.056604	0.000000	0.094340	0.075472	0.000000	0.037736	0.000000	0.000000	0.018868	0.094340	0.037736	0.018868	0.150943	0.075472	0.113208	0.075472	0.056604	0.075472	0.000000	0.018868	
0.018868	0.018868	0.000000	0.113208	0.018868	0.037736	0.018868	0.056604	0.037736	0.056604	0.018868	0.075472	0.056604	0.094340	0.094340	0.150943	0.075472	0.037736	0.000000	0.018868	

MOTIF Qxxxxx_S_Pxxxxx    Q.....SP.....
letter-probability matrix: alength= 20 w= 13 nsites= 14 E= 5.8e-002
0.000000	0.000000	0.000000	0.000000	0.000000	0.000000	0.000000	0.000000	0.000000	0.000000	0.000000	0.000000	0.000000	1.000000	0.000000	0.000000	0.000000	0.000000	0.000000	0.000000	
0.071429	0.000000	0.000000	0.071429	0.000000	0.142857	0.000000	0.000000	0.000000	0.000000	0.000000	0.142857	0.142857	0.142857	0.000000	0.214286	0.000000	0.071429	0.000000	0.000000	
0.071429	0.000000	0.071429	0.142857	0.000000	0.000000	0.071429	0.000000	0.000000	0.142857	0.000000	0.000000	0.285714	0.000000	0.000000	0.142857	0.071429	0.000000	0.000000	0.000000	
0.071429	0.000000	0.071429	0.000000	0.000000	0.142857	0.000000	0.000000	0.142857	0.000000	0.000000	0.071429	0.214286	0.000000	0.071429	0.071429	0.000000	0.142857	0.000000	0.000000	
0.071429	0.071429	0.000000	0.000000	0.000000	0.000000	0.071429	0.071429	0.071429	0.000000	0.000000	0.000000	0.285714	0.000000	0.142857	0.000000	0.071429	0.142857	0.000000	0.000000	
0.142857	0.000000	0.000000	0.142857	0.000000	0.000000	0.071429	0.000000	0.000000	0.000000	0.071429	0.000000	0.142857	0.142857	0.000000	0.142857	0.071429	0.071429	0.000000	0.000000	
0.000000	0.000000	0.000000	0.000000	0.000000	0.000000	0.000000	0.000000	0.000000	0.000000	0.000000	0.000000	0.000000	0.000000	0.000000	1.000000	0.000000	0.000000	0.000000	0.000000	
0.000000	0.000000	0.000000	0.000000	0.000000	0.000000	0.000000	0.000000	0.000000	0.000000	0.000000	0.000000	1.000000	0.000000	0.000000	0.000000	0.000000	0.000000	0.000000	0.000000	
0.000000	0.000000	0.071429	0.071429	0.000000	0.285714	0.000000	0.000000	0.071429	0.214286	0.071429	0.000000	0.000000	0.071429	0.071429	0.000000	0.000000	0.000000	0.000000	0.071429	
0.142857	0.000000	0.071429	0.000000	0.071429	0.071429	0.000000	0.000000	0.071429	0.000000	0.071429	0.000000	0.071429	0.071429	0.142857	0.142857	0.000000	0.071429	0.000000	0.000000	
0.142857	0.000000	0.000000	0.000000	0.000000	0.000000	0.000000	0.071429	0.000000	0.071429	0.071429	0.000000	0.000000	0.000000	0.071429	0.428571	0.071429	0.071429	0.000000	0.000000	
0.142857	0.000000	0.000000	0.071429	0.071429	0.071429	0.000000	0.000000	0.071429	0.071429	0.000000	0.000000	0.214286	0.000000	0.071429	0.071429	0.000000	0.142857	0.000000	0.000000	
0.000000	0.000000	0.071429	0.071429	0.000000	0.071429	0.071429	0.000000	0.071429	0.071429	0.000000	0.000000	0.214286	0.142857	0.000000	0.071429	0.071429	0.071429	0.000000	0.000000	

MOTIF xGxxxx_S_Pxxxxx    .G....SP.....
letter-probability matrix: alength= 20 w= 13 nsites= 16 E= 1.4e-003
0.187500	0.000000	0.125000	0.000000	0.000000	0.187500	0.000000	0.000000	0.062500	0.062500	0.062500	0.062500	0.000000	0.000000	0.000000	0.125000	0.062500	0.062500	0.000000	0.000000	
0.000000	0.000000	0.000000	0.000000	0.000000	1.000000	0.000000	0.000000	0.000000	0.000000	0.000000	0.000000	0.000000	0.000000	0.000000	0.000000	0.000000	0.000000	0.000000	0.000000	
0.062500	0.000000	0.062500	0.125000	0.000000	0.000000	0.000000	0.187500	0.000000	0.062500	0.000000	0.000000	0.125000	0.062500	0.000000	0.187500	0.062500	0.062500	0.000000	0.000000	
0.062500	0.000000	0.000000	0.000000	0.000000	0.125000	0.000000	0.000000	0.000000	0.000000	0.000000	0.062500	0.312500	0.000000	0.187500	0.187500	0.062500	0.000000	0.000000	0.000000	
0.187500	0.062500	0.000000	0.000000	0.000000	0.000000	0.125000	0.062500	0.062500	0.062500	0.000000	0.000000	0.062500	0.062500	0.250000	0.000000	0.062500	0.000000	0.000000	0.000000	
0.062500	0.000000	0.000000	0.000000	0.000000	0.000000	0.062500	0.000000	0.000000	0.062500	0.000000	0.125000	0.250000	0.062500	0.062500	0.187500	0.062500	0.000000	0.000000	0.062500	
0.000000	0.000000	0.000000	0.000000	0.000000	0.000000	0.000000	0.000000	0.000000	0.000000	0.000000	0.000000	0.000000	0.000000	0.000000	1.000000	0.000000	0.000000	0.000000	0.000000	
0.000000	0.000000	0.000000	0.000000	0.000000	0.000000	0.000000	0.000000	0.000000	0.000000	0.000000	0.000000	1.000000	0.000000	0.000000	0.000000	0.000000	0.000000	0.000000	0.000000	
0.062500	0.062500	0.000000	0.062500	0.000000	0.062500	0.000000	0.062500	0.062500	0.062500	0.000000	0.062500	0.250000	0.000000	0.062500	0.062500	0.000000	0.125000	0.000000	0.000000	
0.125000	0.000000	0.125000	0.000000	0.000000	0.000000	0.062500	0.000000	0.000000	0.125000	0.062500	0.062500	0.187500	0.062500	0.125000	0.000000	0.062500	0.000000	0.000000	0.000000	
0.000000	0.062500	0.062500	0.062500	0.000000	0.000000	0.000000	0.125000	0.125000	0.062500	0.062500	0.062500	0.125000	0.000000	0.125000	0.062500	0.062500	0.000000	0.000000	0.000000	
0.062500	0.000000	0.000000	0.062500	0.062500	0.062500	0.062500	0.062500	0.000000	0.000000	0.000000	0.062500	0.187500	0.062500	0.000000	0.125000	0.062500	0.062500	0.000000	0.062500	
0.125000	0.062500	0.062500	0.000000	0.000000	0.062500	0.000000	0.000000	0.062500	0.000000	0.000000	0.062500	0.312500	0.000000	0.000000	0.125000	0.062500	0.062500	0.000000	0.000000	

MOTIF xxxxxx_S_PTxxxx    ......SPT....
letter-probability matrix: alength= 20 w= 13 nsites= 16 E= 4.2e-002
0.187500	0.000000	0.000000	0.187500	0.000000	0.062500	0.000000	0.062500	0.062500	0.125000	0.000000	0.062500	0.125000	0.000000	0.062500	0.000000	0.062500	0.000000	0.000000	0.000000	
0.000000	0.000000	0.062500	0.125000	0.000000	0.000000	0.000000	0.000000	0.062500	0.000000	0.000000	0.000000	0.125000	0.000000	0.187500	0.062500	0.187500	0.187500	0.000000	0.000000	
0.000000	0.000000	0.062500	0.125000	0.000000	0.062500	0.000000	0.000000	0.000000	0.062500	0.000000	0.000000	0.250000	0.125000	0.000000	0.187500	0.062500	0.000000	0.000000	0.062500	
0.125000	0.000000	0.000000	0.125000	0.000000	0.062500	0.000000	0.062500	0.000000	0.062500	0.062500	0.000000	0.187500	0.062500	0.062500	0.062500	0.000000	0.125000	0.000000	0.000000	
0.312500	0.000000	0.062500	0.000000	0.000000	0.000000	0.062500	0.000000	0.000000	0.125000	0.000000	0.000000	0.187500	0.062500	0.062500	0.000000	0.000000	0.125000	0.000000	0.000000	
0.000000	0.000000	0.062500	0.062500	0.000000	0.000000	0.250000	0.062500	0.062500	0.125000	0.062500	0.000000	0.250000	0.000000	0.000000	0.062500	0.000000	0.000000	0.000000	0.000000	
0.000000	0.000000	0.000000	0.000000	0.000000	0.000000	0.000000	0.000000	0.000000	0.000000	0.000000	0.000000	0.000000	0.000000	0.000000	1.000000	0.000000	0.000000	0.000000	0.000000	
0.000000	0.000000	0.000000	0.000000	0.000000	0.000000	0.000000	0.000000	0.000000	0.000000	0.000000	0.000000	1.000000	0.000000	0.000000	0.000000	0.000000	0.000000	0.000000	0.000000	
0.000000	0.000000	0.000000	0.000000	0.000000	0.000000	0.000000	0.000000	0.000000	0.000000	0.000000	0.000000	0.000000	0.000000	0.000000	0.000000	1.000000	0.000000	0.000000	0.000000	
0.125000	0.000000	0.062500	0.062500	0.000000	0.000000	0.062500	0.062500	0.000000	0.125000	0.062500	0.000000	0.062500	0.062500	0.187500	0.125000	0.000000	0.000000	0.000000	0.000000	
0.125000	0.000000	0.000000	0.062500	0.062500	0.125000	0.000000	0.000000	0.125000	0.062500	0.062500	0.000000	0.000000	0.000000	0.062500	0.062500	0.062500	0.187500	0.000000	0.000000	
0.187500	0.000000	0.000000	0.000000	0.062500	0.000000	0.062500	0.062500	0.000000	0.062500	0.000000	0.000000	0.125000	0.062500	0.000000	0.187500	0.062500	0.125000	0.000000	0.000000	
0.125000	0.000000	0.062500	0.125000	0.062500	0.187500	0.000000	0.000000	0.000000	0.000000	0.000000	0.000000	0.062500	0.125000	0.000000	0.000000	0.125000	0.062500	0.000000	0.062500	

MOTIF xxxxxx_S_PxSxxx    ......SP.S...
letter-probability matrix: alength= 20 w= 13 nsites= 24 E= 5.8e-004
0.125000	0.000000	0.041667	0.083333	0.041667	0.083333	0.041667	0.000000	0.083333	0.041667	0.000000	0.083333	0.000000	0.000000	0.125000	0.083333	0.083333	0.083333	0.000000	0.000000	
0.166667	0.041667	0.041667	0.041667	0.000000	0.000000	0.041667	0.083333	0.083333	0.041667	0.000000	0.000000	0.000000	0.041667	0.041667	0.125000	0.083333	0.125000	0.041667	0.000000	
0.041667	0.041667	0.083333	0.041667	0.000000	0.000000	0.041667	0.041667	0.041667	0.000000	0.000000	0.166667	0.041667	0.083333	0.083333	0.041667	0.083333	0.166667	0.000000	0.000000	
0.041667	0.000000	0.000000	0.083333	0.000000	0.291667	0.000000	0.000000	0.083333	0.000000	0.041667	0.000000	0.000000	0.041667	0.166667	0.125000	0.083333	0.041667	0.000000	0.000000	
0.166667	0.000000	0.166667	0.083333	0.000000	0.000000	0.041667	0.041667	0.041667	0.083333	0.000000	0.041667	0.125000	0.000000	0.041667	0.000000	0.041667	0.125000	0.000000	0.000000	
0.208333	0.000000	0.000000	0.125000	0.083333	0.000000	0.000000	0.083333	0.083333	0.125000	0.041667	0.041667	0.125000	0.041667	0.041667	0.000000	0.000000	0.000000	0.000000	0.000000	
0.000000	0.000000	0.000000	0.000000	0.000000	0.000000	0.000000	0.000000	0.000000	0.000000	0.000000	0.000000	0.000000	0.000000	0.000000	1.000000	0.000000	0.000000	0.000000	0.000000	
0.000000	0.000000	0.000000	0.000000	0.000000	0.000000	0.000000	0.000000	0.000000	0.000000	0.000000	0.000000	1.000000	0.000000	0.000000	0.000000	0.000000	0.000000	0.000000	0.000000	
0.208333	0.000000	0.000000	0.041667	0.000000	0.041667	0.000000	0.083333	0.041667	0.000000	0.000000	0.000000	0.166667	0.041667	0.166667	0.125000	0.000000	0.083333	0.000000	0.000000	
0.000000	0.000000	0.000000	0.000000	0.000000	0.000000	0.000000	0.000000	0.000000	0.000000	0.000000	0.000000	0.000000	0.000000	0.000000	1.000000	0.000000	0.000000	0.000000	0.000000	
0.000000	0.000000	0.041667	0.083333	0.000000	0.125000	0.000000	0.083333	0.000000	0.083333	0.000000	0.000000	0.166667	0.083333	0.083333	0.208333	0.041667	0.000000	0.000000	0.000000	
0.083333	0.000000	0.000000	0.041667	0.000000	0.041667	0.000000	0.041667	0.000000	0.125000	0.000000	0.041667	0.166667	0.041667	0.041667	0.291667	0.041667	0.041667	0.000000	0.000000	
0.250000	0.000000	0.041667	0.041667	0.041667	0.125000	0.041667	0.083333	0.000000	0.041667	0.000000	0.041667	0.083333	0.000000	0.041667	0.125000	0.000000	0.041667	0.000000	0.000000	

MOTIF xxxxxx_S_DxExxx    ......SD.E...
letter-probability matrix: alength= 20 w= 13 nsites= 45 E= 4.6e-006
0.066667	0.000000	0.088889	0.066667	0.000000	0.133333	0.022222	0.000000	0.177778	0.044444	0.000000	0.066667	0.088889	0.000000	0.066667	0.066667	0.044444	0.022222	0.022222	0.022222	
0.044444	0.000000	0.133333	0.088889	0.000000	0.000000	0.022222	0.066667	0.022222	0.066667	0.000000	0.022222	0.111111	0.044444	0.066667	0.088889	0.088889	0.088889	0.022222	0.022222	
0.066667	0.000000	0.066667	0.044444	0.044444	0.000000	0.044444	0.066667	0.022222	0.066667	0.044444	0.022222	0.111111	0.000000	0.088889	0.244444	0.000000	0.022222	0.000000	0.044444	
0.022222	0.000000	0.133333	0.155556	0.000000	0.044444	0.044444	0.066667	0.044444	0.088889	0.022222	0.044444	0.044444	0.000000	0.088889	0.022222	0.044444	0.111111	0.000000	0.022222	
0.044444	0.022222	0.044444	0.200000	0.066667	0.044444	0.022222	0.066667	0.066667	0.022222	0.022222	0.022222	0.066667	0.044444	0.066667	0.044444	0.022222	0.088889	0.000000	0.022222	
0.022222	0.000000	0.111111	0.111111	0.022222	0.088889	0.000000	0.022222	0.022222	0.044444	0.000000	0.111111	0.022222	0.044444	0.000000	0.066667	0.044444	0.155556	0.066667	0.044444	
0.000000	0.000000	0.000000	0.000000	0.000000	0.000000	0.000000	0.000000	0.000000	0.000000	0.000000	0.000000	0.000000	0.000000	0.000000	1.000000	0.000000	0.000000	0.000000	0.000000	
0.000000	0.000000	1.000000	0.000000	0.000000	0.000000	0.000000	0.000000	0.000000	0.000000	0.000000	0.000000	0.000000	0.000000	0.000000	0.000000	0.000000	0.000000	0.000000	0.000000	
0.022222	0.000000	0.133333	0.266667	0.000000	0.088889	0.000000	0.000000	0.022222	0.044444	0.000000	0.066667	0.066667	0.022222	0.000000	0.088889	0.044444	0.111111	0.000000	0.022222	
0.000000	0.000000	0.000000	1.000000	0.000000	0.000000	0.000000	0.000000	0.000000	0.000000	0.000000	0.000000	0.000000	0.000000	0.000000	0.000000	0.000000	0.000000	0.000000	0.000000	
0.066667	0.000000	0.111111	0.200000	0.000000	0.066667	0.022222	0.022222	0.022222	0.044444	0.022222	0.022222	0.066667	0.022222	0.088889	0.088889	0.022222	0.088889	0.000000	0.022222	
0.022222	0.000000	0.222222	0.133333	0.022222	0.066667	0.000000	0.022222	0.066667	0.022222	0.022222	0.000000	0.044444	0.022222	0.044444	0.088889	0.044444	0.111111	0.000000	0.044444	
0.111111	0.000000	0.111111	0.177778	0.022222	0.066667	0.022222	0.022222	0.044444	0.000000	0.022222	0.000000	0.066667	0.066667	0.044444	0.066667	0.088889	0.044444	0.000000	0.022222	

MOTIF KxxRxx_S_xxxxxx    K..R..S......
letter-probability matrix: alength= 20 w= 13 nsites= 17 E= 7.8e-006
0.000000	0.000000	0.000000	0.000000	0.000000	0.000000	0.000000	0.000000	1.000000	0.000000	0.000000	0.000000	0.000000	0.000000	0.000000	0.000000	0.000000	0.000000	0.000000	0.000000	
0.000000	0.058824	0.000000	0.000000	0.058824	0.058824	0.000000	0.000000	0.117647	0.117647	0.000000	0.000000	0.000000	0.000000	0.352941	0.058824	0.117647	0.000000	0.000000	0.058824	
0.058824	0.000000	0.000000	0.117647	0.000000	0.176471	0.000000	0.000000	0.000000	0.000000	0.058824	0.058824	0.058824	0.058824	0.176471	0.117647	0.058824	0.058824	0.000000	0.000000	
0.000000	0.000000	0.000000	0.000000	0.000000	0.000000	0.000000	0.000000	0.000000	0.000000	0.000000	0.000000	0.000000	0.000000	1.000000	0.000000	0.000000	0.000000	0.000000	0.000000	
0.058824	0.000000	0.000000	0.000000	0.000000	0.176471	0.000000	0.000000	0.000000	0.235294	0.000000	0.000000	0.000000	0.058824	0.000000	0.235294	0.176471	0.058824	0.000000	0.000000	
0.000000	0.000000	0.117647	0.117647	0.000000	0.058824	0.058824	0.058824	0.058824	0.058824	0.000000	0.117647	0.000000	0.000000	0.058824	0.235294	0.000000	0.058824	0.000000	0.000000	
0.000000	0.000000	0.000000	0.000000	0.000000	0.000000	0.000000	0.000000	0.000000	0.000000	0.000000	0.000000	0.000000	0.000000	0.000000	1.000000	0.000000	0.000000	0.000000	0.000000	
0.176471	0.000000	0.000000	0.000000	0.000000	0.000000	0.000000	0.117647	0.000000	0.352941	0.058824	0.058824	0.058824	0.000000	0.000000	0.117647	0.058824	0.000000	0.000000	0.000000	
0.058824	0.000000	0.176471	0.058824	0.000000	0.176471	0.058824	0.058824	0.058824	0.000000	0.000000	0.058824	0.058824	0.000000	0.000000	0.117647	0.117647	0.000000	0.000000	0.000000	
0.000000	0.000000	0.117647	0.117647	0.000000	0.176471	0.000000	0.000000	0.058824	0.000000	0.000000	0.058824	0.058824	0.117647	0.000000	0.176471	0.117647	0.000000	0.000000	0.000000	
0.235294	0.000000	0.117647	0.117647	0.058824	0.117647	0.058824	0.000000	0.000000	0.058824	0.000000	0.000000	0.058824	0.000000	0.000000	0.000000	0.058824	0.117647	0.000000	0.000000	
0.000000	0.000000	0.058824	0.058824	0.000000	0.058824	0.117647	0.000000	0.058824	0.176471	0.000000	0.000000	0.117647	0.000000	0.000000	0.117647	0.176471	0.000000	0.000000	0.058824	
0.058824	0.000000	0.000000	0.176471	0.117647	0.117647	0.058824	0.058824	0.000000	0.000000	0.000000	0.000000	0.176471	0.000000	0.058824	0.117647	0.058824	0.000000	0.000000	0.000000	

MOTIF xxxxxx_S_Pxxxxx    ......SP.....
letter-probability matrix: alength= 20 w= 13 nsites= 133 E= 1.9e-026
0.128788	0.000000	0.045455	0.083333	0.053030	0.068182	0.007576	0.068182	0.068182	0.053030	0.015152	0.015152	0.098485	0.000000	0.030303	0.143939	0.053030	0.053030	0.000000	0.015152	
0.083333	0.000000	0.075758	0.090909	0.030303	0.000000	0.007576	0.045455	0.022727	0.030303	0.007576	0.068182	0.143939	0.053030	0.083333	0.106061	0.060606	0.075758	0.000000	0.015152	
0.113636	0.000000	0.030303	0.037879	0.037879	0.030303	0.015152	0.015152	0.045455	0.068182	0.015152	0.045455	0.128788	0.068182	0.045455	0.136364	0.098485	0.053030	0.007576	0.007576	
0.106061	0.022727	0.022727	0.060606	0.015152	0.113636	0.037879	0.022727	0.068182	0.045455	0.015152	0.053030	0.128788	0.030303	0.053030	0.090909	0.053030	0.053030	0.000000	0.007576	
0.135338	0.007519	0.045113	0.075188	0.022556	0.000000	0.015038	0.022556	0.082707	0.082707	0.015038	0.037594	0.225564	0.067669	0.060150	0.000000	0.045113	0.052632	0.007519	0.000000	
0.157895	0.000000	0.045113	0.082707	0.022556	0.000000	0.015038	0.037594	0.015038	0.082707	0.022556	0.052632	0.135338	0.075188	0.030075	0.142857	0.015038	0.045113	0.000000	0.022556	
0.000000	0.000000	0.000000	0.000000	0.000000	0.000000	0.000000	0.000000	0.000000	0.000000	0.000000	0.000000	0.000000	0.000000	0.000000	1.000000	0.000000	0.000000	0.000000	0.000000	
0.000000	0.000000	0.000000	0.000000	0.000000	0.000000	0.000000	0.000000	0.000000	0.000000	0.000000	0.000000	1.000000	0.000000	0.000000	0.000000	0.000000	0.000000	0.000000	0.000000	
0.105263	0.007519	0.030075	0.052632	0.007519	0.105263	0.015038	0.030075	0.067669	0.090226	0.000000	0.015038	0.157895	0.037594	0.045113	0.127820	0.000000	0.105263	0.000000	0.000000	
0.082707	0.007519	0.037594	0.045113	0.022556	0.075188	0.045113	0.052632	0.082707	0.067669	0.007519	0.015038	0.180451	0.030075	0.112782	0.000000	0.067669	0.045113	0.000000	0.022556	
0.157895	0.015038	0.052632	0.060150	0.015038	0.037594	0.015038	0.060150	0.037594	0.045113	0.007519	0.037594	0.090226	0.052632	0.060150	0.105263	0.067669	0.060150	0.000000	0.022556	
0.067669	0.000000	0.045113	0.037594	0.007519	0.112782	0.030075	0.000000	0.075188	0.060150	0.007519	0.007519	0.172932	0.045113	0.075188	0.127820	0.045113	0.060150	0.000000	0.022556	
0.075188	0.000000	0.030075	0.105263	0.007519	0.097744	0.045113	0.037594	0.052632	0.060150	0.045113	0.007519	0.090226	0.030075	0.030075	0.127820	0.082707	0.067669	0.007519	0.000000	

MOTIF xxxRxx_S_xxxxxx    ...R..S......
letter-probability matrix: alength= 20 w= 13 nsites= 122 E= 3.9e-047
0.057377	0.016393	0.008197	0.057377	0.024590	0.073770	0.032787	0.057377	0.000000	0.106557	0.040984	0.057377	0.073770	0.057377	0.163934	0.098361	0.016393	0.032787	0.000000	0.024590	
0.040984	0.008197	0.008197	0.040984	0.040984	0.049180	0.032787	0.024590	0.090164	0.106557	0.016393	0.016393	0.081967	0.057377	0.196721	0.057377	0.024590	0.057377	0.008197	0.040984	
0.049180	0.000000	0.024590	0.032787	0.008197	0.057377	0.032787	0.024590	0.098361	0.040984	0.008197	0.024590	0.090164	0.081967	0.163934	0.122951	0.065574	0.057377	0.000000	0.016393	
0.000000	0.000000	0.000000	0.000000	0.000000	0.000000	0.000000	0.000000	0.000000	0.000000	0.000000	0.000000	0.000000	0.000000	1.000000	0.000000	0.000000	0.000000	0.000000	0.000000	
0.155738	0.000000	0.008197	0.016393	0.000000	0.049180	0.057377	0.024590	0.000000	0.098361	0.032787	0.032787	0.016393	0.114754	0.000000	0.229508	0.098361	0.040984	0.008197	0.016393	
0.040984	0.000000	0.065574	0.032787	0.049180	0.114754	0.008197	0.057377	0.049180	0.106557	0.008197	0.106557	0.106557	0.049180	0.065574	0.106557	0.008197	0.016393	0.000000	0.008197	
0.000000	0.000000	0.000000	0.000000	0.000000	0.000000	0.000000	0.000000	0.000000	0.000000	0.000000	0.000000	0.000000	0.000000	0.000000	1.000000	0.000000	0.000000	0.000000	0.000000	
0.098361	0.008197	0.049180	0.065574	0.065574	0.049180	0.024590	0.049180	0.000000	0.229508	0.016393	0.032787	0.000000	0.024590	0.032787	0.098361	0.049180	0.073770	0.016393	0.016393	
0.040984	0.000000	0.122951	0.057377	0.016393	0.122951	0.016393	0.024590	0.008197	0.024590	0.008197	0.040984	0.147541	0.040984	0.000000	0.221311	0.081967	0.024590	0.000000	0.000000	
0.065574	0.000000	0.122951	0.204918	0.016393	0.098361	0.016393	0.016393	0.016393	0.040984	0.016393	0.040984	0.114754	0.032787	0.008197	0.106557	0.040984	0.032787	0.000000	0.008197	
0.098361	0.000000	0.131148	0.131148	0.008197	0.049180	0.008197	0.040984	0.000000	0.057377	0.024590	0.032787	0.081967	0.040984	0.008197	0.114754	0.073770	0.098361	0.000000	0.000000	
0.065574	0.008197	0.106557	0.139344	0.057377	0.090164	0.016393	0.016393	0.008197	0.090164	0.016393	0.016393	0.090164	0.032787	0.024590	0.090164	0.049180	0.057377	0.000000	0.024590	
0.114754	0.000000	0.098361	0.098361	0.016393	0.073770	0.032787	0.016393	0.008197	0.122951	0.008197	0.008197	0.081967	0.032787	0.040984	0.155738	0.008197	0.081967	0.000000	0.000000	

MOTIF xxxKRx_S_xxxxxx    ...KR.S......
letter-probability matrix: alength= 20 w= 13 nsites= 33 E= 2.8e-006
0.121212	0.000000	0.060606	0.121212	0.000000	0.121212	0.000000	0.000000	0.181818	0.030303	0.030303	0.000000	0.060606	0.060606	0.090909	0.090909	0.000000	0.030303	0.000000	0.000000	
0.030303	0.000000	0.030303	0.060606	0.060606	0.090909	0.000000	0.000000	0.121212	0.060606	0.000000	0.030303	0.060606	0.121212	0.121212	0.212121	0.000000	0.000000	0.000000	0.000000	
0.000000	0.000000	0.030303	0.060606	0.000000	0.090909	0.090909	0.000000	0.121212	0.030303	0.000000	0.000000	0.060606	0.060606	0.242424	0.090909	0.060606	0.030303	0.000000	0.030303	
0.000000	0.000000	0.000000	0.000000	0.000000	0.000000	0.000000	0.000000	1.000000	0.000000	0.000000	0.000000	0.000000	0.000000	0.000000	0.000000	0.000000	0.000000	0.000000	0.000000	
0.000000	0.000000	0.000000	0.000000	0.000000	0.000000	0.000000	0.000000	0.000000	0.000000	0.000000	0.000000	0.000000	0.000000	1.000000	0.000000	0.000000	0.000000	0.000000	0.000000	
0.090909	0.000000	0.090909	0.030303	0.030303	0.000000	0.030303	0.000000	0.212121	0.090909	0.060606	0.060606	0.030303	0.060606	0.060606	0.030303	0.060606	0.060606	0.000000	0.000000	
0.000000	0.000000	0.000000	0.000000	0.000000	0.000000	0.000000	0.000000	0.000000	0.000000	0.000000	0.000000	0.000000	0.000000	0.000000	1.000000	0.000000	0.000000	0.000000	0.000000	
0.030303	0.000000	0.030303	0.060606	0.090909	0.000000	0.000000	0.030303	0.000000	0.303030	0.000000	0.090909	0.000000	0.030303	0.000000	0.090909	0.030303	0.212121	0.000000	0.000000	
0.030303	0.000000	0.272727	0.121212	0.000000	0.060606	0.000000	0.030303	0.000000	0.000000	0.030303	0.000000	0.060606	0.060606	0.000000	0.090909	0.090909	0.151515	0.000000	0.000000	
0.121212	0.000000	0.030303	0.090909	0.030303	0.121212	0.000000	0.000000	0.000000	0.121212	0.090909	0.060606	0.060606	0.060606	0.000000	0.060606	0.060606	0.060606	0.030303	0.000000	
0.181818	0.030303	0.030303	0.060606	0.030303	0.030303	0.060606	0.090909	0.000000	0.030303	0.000000	0.000000	0.060606	0.030303	0.030303	0.272727	0.030303	0.000000	0.000000	0.030303	
0.121212	0.030303	0.151515	0.060606	0.000000	0.060606	0.030303	0.030303	0.000000	0.060606	0.000000	0.030303	0.090909	0.030303	0.000000	0.151515	0.151515	0.000000	0.000000	0.000000	
0.121212	0.000000	0.030303	0.121212	0.030303	0.121212	0.000000	0.030303	0.030303	0.121212	0.030303	0.030303	0.060606	0.000000	0.030303	0.121212	0.030303	0.030303	0.030303	0.030303	

MOTIF xxxxxx_S_Lxxxxx    ......SL.....
letter-probability matrix: alength= 20 w= 13 nsites= 72 E= 7.6e-005
0.044776	0.000000	0.044776	0.044776	0.000000	0.074627	0.029851	0.014925	0.134328	0.104478	0.014925	0.000000	0.074627	0.074627	0.119403	0.149254	0.000000	0.044776	0.014925	0.014925	
0.132353	0.000000	0.058824	0.088235	0.000000	0.029412	0.000000	0.044118	0.058824	0.102941	0.014706	0.044118	0.044118	0.044118	0.088235	0.147059	0.058824	0.044118	0.000000	0.000000	
0.086957	0.000000	0.000000	0.086957	0.014493	0.130435	0.014493	0.028986	0.072464	0.086957	0.014493	0.028986	0.043478	0.057971	0.057971	0.159420	0.057971	0.057971	0.000000	0.000000	
0.028571	0.000000	0.071429	0.042857	0.014286	0.042857	0.114286	0.028571	0.200000	0.071429	0.028571	0.042857	0.085714	0.014286	0.000000	0.142857	0.028571	0.042857	0.000000	0.000000	
0.042254	0.014085	0.056338	0.042254	0.028169	0.014085	0.028169	0.000000	0.112676	0.028169	0.028169	0.042254	0.042254	0.028169	0.295775	0.183099	0.000000	0.014085	0.000000	0.000000	
0.125000	0.027778	0.055556	0.041667	0.027778	0.152778	0.027778	0.013889	0.055556	0.083333	0.041667	0.027778	0.041667	0.027778	0.125000	0.055556	0.027778	0.041667	0.000000	0.000000	
0.000000	0.000000	0.000000	0.000000	0.000000	0.000000	0.000000	0.000000	0.000000	0.000000	0.000000	0.000000	0.000000	0.000000	0.000000	1.000000	0.000000	0.000000	0.000000	0.000000	
0.000000	0.000000	0.000000	0.000000	0.000000	0.000000	0.000000	0.000000	0.000000	1.000000	0.000000	0.000000	0.000000	0.000000	0.000000	0.000000	0.000000	0.000000	0.000000	0.000000	
0.041667	0.000000	0.152778	0.166667	0.013889	0.125000	0.013889	0.000000	0.027778	0.055556	0.000000	0.027778	0.069444	0.055556	0.013889	0.125000	0.097222	0.013889	0.000000	0.000000	
0.112676	0.000000	0.112676	0.140845	0.000000	0.112676	0.014085	0.028169	0.028169	0.084507	0.000000	0.098592	0.070423	0.056338	0.000000	0.070423	0.028169	0.028169	0.000000	0.014085	
0.070423	0.000000	0.070423	0.098592	0.014085	0.014085	0.112676	0.028169	0.000000	0.112676	0.014085	0.014085	0.070423	0.042254	0.000000	0.140845	0.056338	0.112676	0.014085	0.014085	
0.028571	0.000000	0.085714	0.071429	0.042857	0.014286	0.071429	0.028571	0.014286	0.085714	0.028571	0.014286	0.171429	0.057143	0.028571	0.142857	0.057143	0.028571	0.000000	0.028571	
0.057143	0.000000	0.057143	0.128571	0.028571	0.028571	0.014286	0.042857	0.057143	0.114286	0.014286	0.014286	0.100000	0.028571	0.057143	0.128571	0.028571	0.100000	0.000000	0.000000	

MOTIF xxxxxx_S_ExExxx    ......SE.E...
letter-probability matrix: alength= 20 w= 13 nsites= 25 E= 1.7e-002
0.160000	0.000000	0.080000	0.040000	0.040000	0.040000	0.040000	0.040000	0.040000	0.160000	0.040000	0.040000	0.040000	0.000000	0.040000	0.080000	0.040000	0.080000	0.000000	0.000000	
0.200000	0.000000	0.040000	0.040000	0.000000	0.000000	0.000000	0.040000	0.080000	0.160000	0.040000	0.040000	0.120000	0.000000	0.040000	0.080000	0.080000	0.040000	0.000000	0.000000	
0.000000	0.000000	0.160000	0.200000	0.000000	0.160000	0.040000	0.000000	0.080000	0.040000	0.000000	0.000000	0.120000	0.000000	0.000000	0.000000	0.040000	0.160000	0.000000	0.000000	
0.080000	0.000000	0.160000	0.120000	0.080000	0.000000	0.040000	0.000000	0.000000	0.160000	0.000000	0.000000	0.040000	0.120000	0.000000	0.080000	0.080000	0.040000	0.000000	0.000000	
0.040000	0.040000	0.040000	0.200000	0.040000	0.080000	0.000000	0.000000	0.000000	0.000000	0.040000	0.000000	0.000000	0.080000	0.040000	0.240000	0.040000	0.120000	0.000000	0.000000	
0.160000	0.000000	0.120000	0.360000	0.000000	0.000000	0.000000	0.040000	0.000000	0.120000	0.040000	0.000000	0.000000	0.000000	0.040000	0.040000	0.040000	0.040000	0.000000	0.000000	
0.000000	0.000000	0.000000	0.000000	0.000000	0.000000	0.000000	0.000000	0.000000	0.000000	0.000000	0.000000	0.000000	0.000000	0.000000	1.000000	0.000000	0.000000	0.000000	0.000000	
0.000000	0.000000	0.000000	1.000000	0.000000	0.000000	0.000000	0.000000	0.000000	0.000000	0.000000	0.000000	0.000000	0.000000	0.000000	0.000000	0.000000	0.000000	0.000000	0.000000	
0.080000	0.000000	0.240000	0.320000	0.000000	0.040000	0.000000	0.000000	0.000000	0.000000	0.000000	0.040000	0.040000	0.000000	0.040000	0.160000	0.040000	0.000000	0.000000	0.000000	
0.000000	0.000000	0.000000	1.000000	0.000000	0.000000	0.000000	0.000000	0.000000	0.000000	0.000000	0.000000	0.000000	0.000000	0.000000	0.000000	0.000000	0.000000	0.000000	0.000000	
0.160000	0.000000	0.120000	0.280000	0.040000	0.080000	0.000000	0.040000	0.040000	0.000000	0.000000	0.000000	0.080000	0.000000	0.000000	0.040000	0.080000	0.040000	0.000000	0.000000	
0.120000	0.000000	0.160000	0.200000	0.000000	0.000000	0.000000	0.040000	0.120000	0.000000	0.000000	0.000000	0.080000	0.040000	0.040000	0.040000	0.000000	0.120000	0.000000	0.040000	
0.080000	0.000000	0.080000	0.120000	0.080000	0.040000	0.000000	0.040000	0.040000	0.040000	0.000000	0.040000	0.160000	0.080000	0.040000	0.080000	0.080000	0.000000	0.000000	0.000000	

MOTIF xxxxxx_S_Fxxxxx    ......SF.....
letter-probability matrix: alength= 20 w= 13 nsites= 24 E= 5.5e-002
0.250000	0.000000	0.000000	0.125000	0.000000	0.041667	0.000000	0.041667	0.125000	0.125000	0.000000	0.041667	0.041667	0.083333	0.083333	0.000000	0.041667	0.000000	0.000000	0.000000	
0.166667	0.041667	0.041667	0.083333	0.083333	0.083333	0.000000	0.041667	0.083333	0.000000	0.000000	0.000000	0.041667	0.000000	0.166667	0.041667	0.041667	0.083333	0.000000	0.000000	
0.000000	0.000000	0.083333	0.083333	0.000000	0.041667	0.041667	0.083333	0.166667	0.083333	0.041667	0.041667	0.041667	0.041667	0.041667	0.083333	0.041667	0.083333	0.000000	0.000000	
0.083333	0.000000	0.000000	0.041667	0.000000	0.166667	0.000000	0.000000	0.166667	0.125000	0.000000	0.000000	0.000000	0.000000	0.000000	0.166667	0.166667	0.041667	0.000000	0.041667	
0.083333	0.000000	0.000000	0.041667	0.000000	0.166667	0.000000	0.000000	0.125000	0.000000	0.000000	0.000000	0.041667	0.083333	0.125000	0.208333	0.083333	0.041667	0.000000	0.000000	
0.166667	0.000000	0.083333	0.125000	0.000000	0.000000	0.000000	0.000000	0.041667	0.125000	0.000000	0.000000	0.083333	0.083333	0.041667	0.125000	0.041667	0.083333	0.000000	0.000000	
0.000000	0.000000	0.000000	0.000000	0.000000	0.000000	0.000000	0.000000	0.000000	0.000000	0.000000	0.000000	0.000000	0.000000	0.000000	1.000000	0.000000	0.000000	0.000000	0.000000	
0.000000	0.000000	0.000000	0.000000	1.000000	0.000000	0.000000	0.000000	0.000000	0.000000	0.000000	0.000000	0.000000	0.000000	0.000000	0.000000	0.000000	0.000000	0.000000	0.000000	
0.125000	0.000000	0.208333	0.250000	0.000000	0.000000	0.000000	0.000000	0.000000	0.125000	0.000000	0.041667	0.000000	0.041667	0.041667	0.125000	0.000000	0.041667	0.000000	0.000000	
0.041667	0.000000	0.041667	0.208333	0.000000	0.166667	0.041667	0.041667	0.125000	0.083333	0.000000	0.000000	0.000000	0.000000	0.083333	0.083333	0.083333	0.000000	0.000000	0.000000	
0.125000	0.000000	0.125000	0.125000	0.041667	0.000000	0.083333	0.041667	0.000000	0.041667	0.000000	0.000000	0.125000	0.000000	0.000000	0.125000	0.125000	0.041667	0.000000	0.000000	
0.000000	0.000000	0.125000	0.166667	0.000000	0.041667	0.041667	0.041667	0.041667	0.000000	0.000000	0.041667	0.166667	0.041667	0.041667	0.125000	0.000000	0.083333	0.000000	0.041667	
0.083333	0.000000	0.208333	0.208333	0.041667	0.000000	0.000000	0.000000	0.083333	0.083333	0.000000	0.000000	0.000000	0.000000	0.000000	0.166667	0.083333	0.041667	0.000000	0.000000	

MOTIF xxSxxx_T_Pxxxxx    ..S...TP.....
letter-probability matrix: alength= 20 w= 13 nsites= 15 E= 1.3e-002
0.066667	0.000000	0.133333	0.066667	0.000000	0.000000	0.066667	0.066667	0.066667	0.066667	0.000000	0.133333	0.133333	0.000000	0.000000	0.066667	0.133333	0.000000	0.000000	0.000000	
0.066667	0.000000	0.133333	0.333333	0.000000	0.133333	0.000000	0.000000	0.000000	0.066667	0.066667	0.000000	0.066667	0.000000	0.066667	0.066667	0.000000	0.000000	0.000000	0.000000	
0.000000	0.000000	0.000000	0.000000	0.000000	0.000000	0.000000	0.000000	0.000000	0.000000	0.000000	0.000000	0.000000	0.000000	0.000000	1.000000	0.000000	0.000000	0.000000	0.000000	
0.066667	0.000000	0.066667	0.066667	0.000000	0.066667	0.000000	0.133333	0.066667	0.133333	0.000000	0.000000	0.066667	0.066667	0.200000	0.066667	0.000000	0.000000	0.000000	0.000000	
0.133333	0.000000	0.000000	0.066667	0.000000	0.066667	0.000000	0.000000	0.000000	0.000000	0.000000	0.000000	0.466667	0.000000	0.066667	0.066667	0.066667	0.066667	0.000000	0.000000	
0.000000	0.000000	0.066667	0.200000	0.000000	0.133333	0.000000	0.000000	0.133333	0.000000	0.000000	0.000000	0.133333	0.000000	0.066667	0.200000	0.000000	0.066667	0.000000	0.000000	
0.000000	0.000000	0.000000	0.000000	0.000000	0.000000	0.000000	0.000000	0.000000	0.000000	0.000000	0.000000	0.000000	0.000000	0.000000	0.000000	1.000000	0.000000	0.000000	0.000000	
0.000000	0.000000	0.000000	0.000000	0.000000	0.000000	0.000000	0.000000	0.000000	0.000000	0.000000	0.000000	1.000000	0.000000	0.000000	0.000000	0.000000	0.000000	0.000000	0.000000	
0.000000	0.000000	0.066667	0.200000	0.000000	0.000000	0.000000	0.000000	0.000000	0.066667	0.000000	0.000000	0.333333	0.000000	0.066667	0.000000	0.200000	0.066667	0.000000	0.000000	
0.266667	0.000000	0.066667	0.000000	0.000000	0.066667	0.000000	0.133333	0.000000	0.066667	0.000000	0.000000	0.200000	0.000000	0.000000	0.200000	0.000000	0.000000	0.000000	0.000000	
0.000000	0.000000	0.066667	0.066667	0.000000	0.066667	0.000000	0.000000	0.200000	0.066667	0.000000	0.133333	0.066667	0.066667	0.066667	0.066667	0.066667	0.066667	0.000000	0.000000	
0.133333	0.000000	0.066667	0.066667	0.000000	0.066667	0.000000	0.133333	0.000000	0.066667	0.066667	0.000000	0.066667	0.000000	0.066667	0.066667	0.066667	0.133333	0.000000	0.000000	
0.000000	0.000000	0.000000	0.000000	0.000000	0.133333	0.000000	0.066667	0.133333	0.133333	0.000000	0.000000	0.133333	0.000000	0.000000	0.200000	0.133333	0.000000	0.066667	0.000000	

MOTIF xxxxxx_T_Pxxxxx    ......TP.....
letter-probability matrix: alength= 20 w= 13 nsites= 57 E= 1.6e-008
0.071429	0.035714	0.053571	0.035714	0.000000	0.053571	0.035714	0.071429	0.071429	0.035714	0.000000	0.053571	0.089286	0.071429	0.071429	0.142857	0.035714	0.071429	0.000000	0.000000	
0.178571	0.035714	0.071429	0.071429	0.000000	0.035714	0.000000	0.035714	0.017857	0.071429	0.000000	0.000000	0.071429	0.000000	0.035714	0.089286	0.178571	0.089286	0.000000	0.017857	
0.107143	0.000000	0.125000	0.089286	0.017857	0.053571	0.017857	0.035714	0.107143	0.053571	0.000000	0.035714	0.107143	0.053571	0.053571	0.000000	0.035714	0.107143	0.000000	0.000000	
0.107143	0.000000	0.000000	0.017857	0.035714	0.107143	0.035714	0.035714	0.017857	0.000000	0.035714	0.071429	0.125000	0.107143	0.125000	0.071429	0.017857	0.071429	0.000000	0.017857	
0.122807	0.000000	0.052632	0.000000	0.000000	0.035088	0.017544	0.017544	0.035088	0.070175	0.017544	0.035088	0.245614	0.017544	0.017544	0.210526	0.087719	0.017544	0.000000	0.000000	
0.000000	0.000000	0.017544	0.087719	0.000000	0.070175	0.000000	0.017544	0.052632	0.087719	0.000000	0.017544	0.140351	0.157895	0.087719	0.122807	0.087719	0.035088	0.000000	0.017544	
0.000000	0.000000	0.000000	0.000000	0.000000	0.000000	0.000000	0.000000	0.000000	0.000000	0.000000	0.000000	0.000000	0.000000	0.000000	0.000000	1.000000	0.000000	0.000000	0.000000	
0.000000	0.000000	0.000000	0.000000	0.000000	0.000000	0.000000	0.000000	0.000000	0.000000	0.000000	0.000000	1.000000	0.000000	0.000000	0.000000	0.000000	0.000000	0.000000	0.000000	
0.000000	0.000000	0.017544	0.122807	0.000000	0.052632	0.017544	0.017544	0.017544	0.070175	0.000000	0.017544	0.315789	0.000000	0.052632	0.105263	0.140351	0.052632	0.000000	0.000000	
0.070175	0.017544	0.035088	0.052632	0.000000	0.087719	0.070175	0.000000	0.035088	0.070175	0.000000	0.000000	0.175439	0.070175	0.070175	0.122807	0.052632	0.052632	0.000000	0.017544	
0.122807	0.017544	0.035088	0.052632	0.052632	0.000000	0.052632	0.035088	0.000000	0.105263	0.035088	0.052632	0.087719	0.017544	0.017544	0.087719	0.175439	0.035088	0.000000	0.017544	
0.105263	0.000000	0.035088	0.052632	0.000000	0.087719	0.000000	0.035088	0.017544	0.087719	0.000000	0.035088	0.175439	0.035088	0.087719	0.070175	0.105263	0.035088	0.017544	0.017544	
0.017544	0.000000	0.000000	0.052632	0.070175	0.052632	0.000000	0.017544	0.105263	0.105263	0.000000	0.000000	0.122807	0.035088	0.122807	0.175439	0.052632	0.070175	0.000000	0.000000	

