MEME version 5.0.5

ALPHABET= ACDEFGHIKLMNPQRSTVWY

Background letter frequencies
A 0.066411 C 0.002628 D 0.046310 E 0.074011 F 0.014916 G 0.078202 H 0.017473 I 0.018964 K 0.057817 L 0.061794 M 0.012714 N 0.024647 P 0.144968 Q 0.037005 R 0.063428 S 0.164429 T 0.065132 V 0.038923 W 0.003054 Y 0.007174 

MOTIF xxxxxx_T_PxKxxx    ......TP.K...
letter-probability matrix: alength= 20 w= 13 nsites= 35 E= 3.3e-008
0.228571	0.000000	0.114286	0.028571	0.000000	0.028571	0.000000	0.085714	0.085714	0.085714	0.028571	0.028571	0.114286	0.028571	0.028571	0.028571	0.028571	0.057143	0.000000	0.000000	
0.114286	0.000000	0.028571	0.085714	0.000000	0.028571	0.028571	0.028571	0.000000	0.085714	0.028571	0.057143	0.085714	0.114286	0.000000	0.200000	0.057143	0.057143	0.000000	0.000000	
0.142857	0.000000	0.057143	0.114286	0.000000	0.114286	0.000000	0.085714	0.000000	0.057143	0.028571	0.028571	0.114286	0.028571	0.000000	0.028571	0.142857	0.057143	0.000000	0.000000	
0.114286	0.000000	0.028571	0.142857	0.028571	0.114286	0.000000	0.000000	0.000000	0.028571	0.000000	0.057143	0.228571	0.028571	0.028571	0.085714	0.085714	0.028571	0.000000	0.000000	
0.171429	0.000000	0.057143	0.057143	0.000000	0.057143	0.028571	0.000000	0.057143	0.171429	0.000000	0.028571	0.085714	0.057143	0.000000	0.028571	0.085714	0.114286	0.000000	0.000000	
0.114286	0.000000	0.114286	0.114286	0.057143	0.085714	0.000000	0.000000	0.085714	0.142857	0.000000	0.028571	0.028571	0.057143	0.028571	0.028571	0.057143	0.057143	0.000000	0.000000	
0.000000	0.000000	0.000000	0.000000	0.000000	0.000000	0.000000	0.000000	0.000000	0.000000	0.000000	0.000000	0.000000	0.000000	0.000000	0.000000	1.000000	0.000000	0.000000	0.000000	
0.000000	0.000000	0.000000	0.000000	0.000000	0.000000	0.000000	0.000000	0.000000	0.000000	0.000000	0.000000	1.000000	0.000000	0.000000	0.000000	0.000000	0.000000	0.000000	0.000000	
0.028571	0.000000	0.028571	0.057143	0.000000	0.085714	0.028571	0.028571	0.171429	0.028571	0.000000	0.000000	0.028571	0.028571	0.114286	0.200000	0.057143	0.114286	0.000000	0.000000	
0.000000	0.000000	0.000000	0.000000	0.000000	0.000000	0.000000	0.000000	1.000000	0.000000	0.000000	0.000000	0.000000	0.000000	0.000000	0.000000	0.000000	0.000000	0.000000	0.000000	
0.028571	0.000000	0.142857	0.114286	0.028571	0.085714	0.000000	0.000000	0.085714	0.057143	0.000000	0.000000	0.057143	0.057143	0.142857	0.028571	0.114286	0.028571	0.028571	0.000000	
0.085714	0.000000	0.028571	0.085714	0.000000	0.028571	0.000000	0.028571	0.142857	0.085714	0.028571	0.000000	0.142857	0.000000	0.028571	0.114286	0.057143	0.085714	0.028571	0.028571	
0.085714	0.000000	0.142857	0.057143	0.000000	0.028571	0.028571	0.028571	0.085714	0.057143	0.000000	0.028571	0.028571	0.057143	0.057143	0.114286	0.114286	0.028571	0.028571	0.028571	

MOTIF xxxxxx_T_PxxxxK    ......TP....K
letter-probability matrix: alength= 20 w= 13 nsites= 25 E= 3.9e-005
0.166667	0.000000	0.125000	0.083333	0.000000	0.041667	0.000000	0.041667	0.041667	0.041667	0.041667	0.041667	0.041667	0.000000	0.166667	0.041667	0.041667	0.083333	0.000000	0.000000	
0.040000	0.000000	0.040000	0.160000	0.040000	0.040000	0.000000	0.040000	0.000000	0.040000	0.040000	0.080000	0.120000	0.200000	0.000000	0.160000	0.000000	0.000000	0.000000	0.000000	
0.080000	0.000000	0.040000	0.000000	0.000000	0.120000	0.000000	0.000000	0.080000	0.080000	0.000000	0.040000	0.160000	0.160000	0.040000	0.040000	0.080000	0.080000	0.000000	0.000000	
0.120000	0.000000	0.080000	0.160000	0.000000	0.080000	0.000000	0.080000	0.000000	0.120000	0.000000	0.000000	0.080000	0.080000	0.080000	0.000000	0.000000	0.120000	0.000000	0.000000	
0.040000	0.000000	0.120000	0.080000	0.080000	0.080000	0.000000	0.040000	0.000000	0.040000	0.040000	0.000000	0.160000	0.040000	0.040000	0.040000	0.120000	0.040000	0.000000	0.040000	
0.160000	0.000000	0.040000	0.080000	0.040000	0.160000	0.000000	0.000000	0.000000	0.040000	0.000000	0.000000	0.040000	0.120000	0.040000	0.200000	0.040000	0.040000	0.000000	0.000000	
0.000000	0.000000	0.000000	0.000000	0.000000	0.000000	0.000000	0.000000	0.000000	0.000000	0.000000	0.000000	0.000000	0.000000	0.000000	0.000000	1.000000	0.000000	0.000000	0.000000	
0.000000	0.000000	0.000000	0.000000	0.000000	0.000000	0.000000	0.000000	0.000000	0.000000	0.000000	0.000000	1.000000	0.000000	0.000000	0.000000	0.000000	0.000000	0.000000	0.000000	
0.080000	0.000000	0.040000	0.160000	0.000000	0.120000	0.000000	0.040000	0.040000	0.000000	0.000000	0.000000	0.160000	0.000000	0.160000	0.040000	0.120000	0.040000	0.000000	0.000000	
0.120000	0.000000	0.000000	0.000000	0.000000	0.040000	0.040000	0.000000	0.000000	0.000000	0.000000	0.080000	0.120000	0.160000	0.160000	0.200000	0.040000	0.040000	0.000000	0.000000	
0.040000	0.040000	0.160000	0.080000	0.000000	0.080000	0.040000	0.000000	0.200000	0.000000	0.000000	0.000000	0.040000	0.000000	0.080000	0.040000	0.120000	0.080000	0.000000	0.000000	
0.040000	0.000000	0.000000	0.120000	0.040000	0.120000	0.000000	0.000000	0.160000	0.040000	0.000000	0.000000	0.120000	0.120000	0.160000	0.000000	0.040000	0.040000	0.000000	0.000000	
0.000000	0.000000	0.000000	0.000000	0.000000	0.000000	0.000000	0.000000	1.000000	0.000000	0.000000	0.000000	0.000000	0.000000	0.000000	0.000000	0.000000	0.000000	0.000000	0.000000	

MOTIF xxxxxx_T_PxxxRx    ......TP...R.
letter-probability matrix: alength= 20 w= 13 nsites= 17 E= 2.9e-004
0.058824	0.000000	0.000000	0.058824	0.117647	0.235294	0.000000	0.058824	0.117647	0.000000	0.058824	0.000000	0.058824	0.000000	0.058824	0.117647	0.000000	0.058824	0.000000	0.000000	
0.176471	0.000000	0.000000	0.000000	0.000000	0.117647	0.000000	0.117647	0.000000	0.058824	0.000000	0.058824	0.176471	0.000000	0.058824	0.176471	0.058824	0.000000	0.000000	0.000000	
0.058824	0.000000	0.000000	0.058824	0.117647	0.058824	0.000000	0.058824	0.058824	0.000000	0.058824	0.000000	0.058824	0.058824	0.058824	0.235294	0.000000	0.117647	0.000000	0.000000	
0.058824	0.058824	0.117647	0.058824	0.000000	0.058824	0.000000	0.000000	0.000000	0.117647	0.000000	0.058824	0.000000	0.000000	0.000000	0.058824	0.058824	0.235294	0.117647	0.000000	
0.294118	0.000000	0.058824	0.176471	0.000000	0.000000	0.000000	0.058824	0.000000	0.058824	0.000000	0.000000	0.176471	0.000000	0.000000	0.117647	0.000000	0.058824	0.000000	0.000000	
0.000000	0.000000	0.176471	0.176471	0.000000	0.058824	0.000000	0.000000	0.000000	0.058824	0.000000	0.000000	0.058824	0.000000	0.058824	0.176471	0.117647	0.117647	0.000000	0.000000	
0.000000	0.000000	0.000000	0.000000	0.000000	0.000000	0.000000	0.000000	0.000000	0.000000	0.000000	0.000000	0.000000	0.000000	0.000000	0.000000	1.000000	0.000000	0.000000	0.000000	
0.000000	0.000000	0.000000	0.000000	0.000000	0.000000	0.000000	0.000000	0.000000	0.000000	0.000000	0.000000	1.000000	0.000000	0.000000	0.000000	0.000000	0.000000	0.000000	0.000000	
0.000000	0.000000	0.000000	0.235294	0.000000	0.000000	0.000000	0.000000	0.235294	0.117647	0.000000	0.000000	0.117647	0.000000	0.117647	0.000000	0.117647	0.058824	0.000000	0.000000	
0.058824	0.000000	0.000000	0.000000	0.000000	0.000000	0.058824	0.000000	0.000000	0.117647	0.058824	0.058824	0.058824	0.058824	0.176471	0.058824	0.235294	0.058824	0.000000	0.000000	
0.058824	0.000000	0.117647	0.117647	0.000000	0.117647	0.000000	0.000000	0.058824	0.058824	0.000000	0.058824	0.117647	0.058824	0.058824	0.058824	0.117647	0.000000	0.000000	0.000000	
0.000000	0.000000	0.000000	0.000000	0.000000	0.000000	0.000000	0.000000	0.000000	0.000000	0.000000	0.000000	0.000000	0.000000	1.000000	0.000000	0.000000	0.000000	0.000000	0.000000	
0.000000	0.000000	0.058824	0.000000	0.000000	0.117647	0.000000	0.117647	0.000000	0.058824	0.058824	0.000000	0.058824	0.058824	0.411765	0.058824	0.000000	0.000000	0.000000	0.000000	

MOTIF xxxxxx_T_Pxxxxx    ......TP.....
letter-probability matrix: alength= 20 w= 13 nsites= 120 E= 1.9e-046
0.076271	0.000000	0.033898	0.076271	0.033898	0.067797	0.016949	0.042373	0.067797	0.093220	0.016949	0.016949	0.118644	0.042373	0.076271	0.101695	0.076271	0.042373	0.000000	0.000000	
0.118644	0.000000	0.050847	0.084746	0.025424	0.076271	0.025424	0.008475	0.067797	0.025424	0.008475	0.025424	0.194915	0.042373	0.033898	0.101695	0.033898	0.042373	0.033898	0.000000	
0.109244	0.000000	0.067227	0.100840	0.000000	0.126050	0.000000	0.033613	0.058824	0.058824	0.033613	0.016807	0.117647	0.033613	0.033613	0.100840	0.058824	0.050420	0.000000	0.000000	
0.058824	0.000000	0.042017	0.058824	0.000000	0.126050	0.033613	0.033613	0.075630	0.067227	0.000000	0.042017	0.168067	0.033613	0.075630	0.075630	0.042017	0.050420	0.016807	0.000000	
0.108333	0.016667	0.016667	0.083333	0.050000	0.083333	0.016667	0.025000	0.041667	0.058333	0.008333	0.041667	0.208333	0.016667	0.041667	0.058333	0.041667	0.083333	0.000000	0.000000	
0.075000	0.000000	0.058333	0.125000	0.008333	0.141667	0.041667	0.033333	0.033333	0.025000	0.016667	0.041667	0.075000	0.091667	0.008333	0.133333	0.033333	0.041667	0.000000	0.016667	
0.000000	0.000000	0.000000	0.000000	0.000000	0.000000	0.000000	0.000000	0.000000	0.000000	0.000000	0.000000	0.000000	0.000000	0.000000	0.000000	1.000000	0.000000	0.000000	0.000000	
0.000000	0.000000	0.000000	0.000000	0.000000	0.000000	0.000000	0.000000	0.000000	0.000000	0.000000	0.000000	1.000000	0.000000	0.000000	0.000000	0.000000	0.000000	0.000000	0.000000	
0.041667	0.000000	0.050000	0.075000	0.000000	0.100000	0.008333	0.000000	0.066667	0.016667	0.000000	0.025000	0.191667	0.033333	0.058333	0.125000	0.133333	0.075000	0.000000	0.000000	
0.133333	0.000000	0.008333	0.033333	0.008333	0.091667	0.075000	0.016667	0.000000	0.083333	0.008333	0.008333	0.075000	0.058333	0.091667	0.200000	0.050000	0.050000	0.000000	0.008333	
0.050000	0.000000	0.025000	0.033333	0.016667	0.066667	0.016667	0.008333	0.116667	0.041667	0.008333	0.025000	0.066667	0.033333	0.108333	0.158333	0.158333	0.050000	0.000000	0.016667	
0.075000	0.000000	0.033333	0.083333	0.025000	0.083333	0.025000	0.016667	0.083333	0.041667	0.008333	0.025000	0.191667	0.041667	0.000000	0.133333	0.058333	0.066667	0.008333	0.000000	
0.091667	0.008333	0.025000	0.050000	0.033333	0.108333	0.025000	0.000000	0.000000	0.091667	0.025000	0.033333	0.125000	0.041667	0.083333	0.100000	0.091667	0.058333	0.000000	0.008333	

MOTIF xxxxxL_S_Pxxxxx    .....LSP.....
letter-probability matrix: alength= 20 w= 13 nsites= 61 E= 3.1e-013
0.081967	0.000000	0.081967	0.098361	0.000000	0.081967	0.016393	0.049180	0.081967	0.081967	0.000000	0.016393	0.098361	0.098361	0.065574	0.065574	0.065574	0.016393	0.000000	0.000000	
0.098361	0.000000	0.032787	0.065574	0.032787	0.065574	0.032787	0.016393	0.098361	0.098361	0.000000	0.065574	0.081967	0.065574	0.065574	0.032787	0.081967	0.049180	0.000000	0.016393	
0.098361	0.000000	0.081967	0.065574	0.000000	0.098361	0.000000	0.016393	0.065574	0.114754	0.000000	0.016393	0.098361	0.065574	0.098361	0.147541	0.032787	0.000000	0.000000	0.000000	
0.065574	0.000000	0.032787	0.049180	0.000000	0.147541	0.000000	0.016393	0.016393	0.131148	0.032787	0.016393	0.163934	0.065574	0.065574	0.049180	0.065574	0.065574	0.000000	0.016393	
0.000000	0.000000	0.081967	0.032787	0.000000	0.065574	0.016393	0.016393	0.049180	0.114754	0.049180	0.049180	0.163934	0.049180	0.081967	0.065574	0.081967	0.065574	0.000000	0.016393	
0.000000	0.000000	0.000000	0.000000	0.000000	0.000000	0.000000	0.000000	0.000000	1.000000	0.000000	0.000000	0.000000	0.000000	0.000000	0.000000	0.000000	0.000000	0.000000	0.000000	
0.000000	0.000000	0.000000	0.000000	0.000000	0.000000	0.000000	0.000000	0.000000	0.000000	0.000000	0.000000	0.000000	0.000000	0.000000	1.000000	0.000000	0.000000	0.000000	0.000000	
0.000000	0.000000	0.000000	0.000000	0.000000	0.000000	0.000000	0.000000	0.000000	0.000000	0.000000	0.000000	1.000000	0.000000	0.000000	0.000000	0.000000	0.000000	0.000000	0.000000	
0.147541	0.000000	0.032787	0.098361	0.016393	0.081967	0.000000	0.049180	0.065574	0.114754	0.000000	0.032787	0.049180	0.065574	0.032787	0.081967	0.065574	0.065574	0.000000	0.000000	
0.098361	0.000000	0.000000	0.147541	0.000000	0.049180	0.049180	0.000000	0.131148	0.065574	0.016393	0.000000	0.147541	0.032787	0.114754	0.098361	0.016393	0.016393	0.000000	0.016393	
0.049180	0.000000	0.000000	0.065574	0.000000	0.131148	0.016393	0.000000	0.131148	0.032787	0.000000	0.032787	0.065574	0.032787	0.131148	0.163934	0.081967	0.032787	0.032787	0.000000	
0.114754	0.000000	0.032787	0.049180	0.016393	0.049180	0.032787	0.049180	0.065574	0.098361	0.000000	0.000000	0.163934	0.081967	0.032787	0.114754	0.065574	0.016393	0.016393	0.000000	
0.049180	0.000000	0.049180	0.065574	0.032787	0.049180	0.032787	0.000000	0.131148	0.032787	0.000000	0.000000	0.180328	0.016393	0.163934	0.098361	0.016393	0.049180	0.000000	0.032787	

MOTIF xxTxxx_S_Pxxxxx    ..T...SP.....
letter-probability matrix: alength= 20 w= 13 nsites= 29 E= 1.8e-005
0.172414	0.000000	0.068966	0.068966	0.000000	0.068966	0.000000	0.000000	0.034483	0.034483	0.034483	0.000000	0.103448	0.000000	0.103448	0.206897	0.068966	0.034483	0.000000	0.000000	
0.172414	0.000000	0.000000	0.103448	0.034483	0.206897	0.034483	0.034483	0.034483	0.103448	0.000000	0.068966	0.000000	0.000000	0.034483	0.068966	0.034483	0.068966	0.000000	0.000000	
0.000000	0.000000	0.000000	0.000000	0.000000	0.000000	0.000000	0.000000	0.000000	0.000000	0.000000	0.000000	0.000000	0.000000	0.000000	0.000000	1.000000	0.000000	0.000000	0.000000	
0.068966	0.000000	0.034483	0.068966	0.000000	0.137931	0.000000	0.000000	0.000000	0.000000	0.000000	0.068966	0.241379	0.034483	0.068966	0.172414	0.068966	0.034483	0.000000	0.000000	
0.103448	0.000000	0.068966	0.034483	0.000000	0.068966	0.000000	0.034483	0.000000	0.000000	0.068966	0.000000	0.137931	0.000000	0.068966	0.137931	0.172414	0.068966	0.034483	0.000000	
0.068966	0.000000	0.068966	0.068966	0.034483	0.137931	0.000000	0.034483	0.034483	0.000000	0.000000	0.000000	0.172414	0.068966	0.034483	0.172414	0.034483	0.068966	0.000000	0.000000	
0.000000	0.000000	0.000000	0.000000	0.000000	0.000000	0.000000	0.000000	0.000000	0.000000	0.000000	0.000000	0.000000	0.000000	0.000000	1.000000	0.000000	0.000000	0.000000	0.000000	
0.000000	0.000000	0.000000	0.000000	0.000000	0.000000	0.000000	0.000000	0.000000	0.000000	0.000000	0.000000	1.000000	0.000000	0.000000	0.000000	0.000000	0.000000	0.000000	0.000000	
0.103448	0.000000	0.000000	0.103448	0.000000	0.137931	0.034483	0.034483	0.068966	0.000000	0.000000	0.000000	0.034483	0.034483	0.137931	0.137931	0.068966	0.068966	0.000000	0.034483	
0.068966	0.000000	0.000000	0.000000	0.000000	0.034483	0.000000	0.000000	0.068966	0.103448	0.000000	0.034483	0.241379	0.068966	0.068966	0.137931	0.068966	0.103448	0.000000	0.000000	
0.068966	0.000000	0.034483	0.034483	0.000000	0.137931	0.000000	0.034483	0.137931	0.000000	0.034483	0.034483	0.000000	0.068966	0.137931	0.172414	0.034483	0.068966	0.000000	0.000000	
0.068966	0.034483	0.000000	0.068966	0.000000	0.034483	0.000000	0.034483	0.103448	0.068966	0.000000	0.034483	0.137931	0.034483	0.137931	0.206897	0.000000	0.034483	0.000000	0.000000	
0.000000	0.000000	0.000000	0.068966	0.000000	0.206897	0.000000	0.034483	0.103448	0.103448	0.000000	0.000000	0.137931	0.068966	0.103448	0.103448	0.000000	0.068966	0.000000	0.000000	

MOTIF xxAxxx_S_Pxxxxx    ..A...SP.....
letter-probability matrix: alength= 20 w= 13 nsites= 47 E= 3.0e-009
0.108696	0.000000	0.108696	0.065217	0.000000	0.108696	0.000000	0.000000	0.065217	0.152174	0.021739	0.021739	0.065217	0.065217	0.043478	0.130435	0.043478	0.000000	0.000000	0.000000	
0.085106	0.000000	0.000000	0.127660	0.021277	0.042553	0.000000	0.000000	0.000000	0.106383	0.021277	0.021277	0.170213	0.042553	0.127660	0.170213	0.042553	0.021277	0.000000	0.000000	
1.000000	0.000000	0.000000	0.000000	0.000000	0.000000	0.000000	0.000000	0.000000	0.000000	0.000000	0.000000	0.000000	0.000000	0.000000	0.000000	0.000000	0.000000	0.000000	0.000000	
0.063830	0.000000	0.021277	0.085106	0.000000	0.170213	0.000000	0.021277	0.042553	0.063830	0.000000	0.000000	0.148936	0.021277	0.085106	0.148936	0.021277	0.085106	0.000000	0.021277	
0.148936	0.000000	0.042553	0.042553	0.000000	0.085106	0.000000	0.042553	0.000000	0.106383	0.021277	0.042553	0.127660	0.021277	0.000000	0.085106	0.127660	0.085106	0.021277	0.000000	
0.085106	0.021277	0.021277	0.042553	0.085106	0.106383	0.042553	0.000000	0.000000	0.000000	0.042553	0.042553	0.127660	0.021277	0.042553	0.085106	0.085106	0.063830	0.042553	0.042553	
0.000000	0.000000	0.000000	0.000000	0.000000	0.000000	0.000000	0.000000	0.000000	0.000000	0.000000	0.000000	0.000000	0.000000	0.000000	1.000000	0.000000	0.000000	0.000000	0.000000	
0.000000	0.000000	0.000000	0.000000	0.000000	0.000000	0.000000	0.000000	0.000000	0.000000	0.000000	0.000000	1.000000	0.000000	0.000000	0.000000	0.000000	0.000000	0.000000	0.000000	
0.106383	0.000000	0.085106	0.063830	0.021277	0.085106	0.000000	0.000000	0.063830	0.042553	0.000000	0.021277	0.085106	0.063830	0.106383	0.148936	0.085106	0.021277	0.000000	0.000000	
0.106383	0.000000	0.063830	0.106383	0.042553	0.127660	0.000000	0.000000	0.021277	0.063830	0.000000	0.000000	0.191489	0.042553	0.063830	0.127660	0.021277	0.000000	0.000000	0.021277	
0.106383	0.000000	0.000000	0.170213	0.000000	0.085106	0.042553	0.000000	0.063830	0.042553	0.000000	0.000000	0.170213	0.042553	0.042553	0.191489	0.021277	0.021277	0.000000	0.000000	
0.042553	0.000000	0.021277	0.063830	0.021277	0.127660	0.021277	0.000000	0.191489	0.042553	0.000000	0.042553	0.063830	0.063830	0.063830	0.106383	0.063830	0.063830	0.000000	0.000000	
0.021277	0.000000	0.042553	0.063830	0.085106	0.106383	0.021277	0.000000	0.127660	0.000000	0.000000	0.021277	0.063830	0.106383	0.106383	0.191489	0.021277	0.021277	0.000000	0.000000	

MOTIF xxxDxx_S_Pxxxxx    ...D..SP.....
letter-probability matrix: alength= 20 w= 13 nsites= 25 E= 6.3e-005
0.080000	0.000000	0.080000	0.000000	0.080000	0.160000	0.040000	0.040000	0.000000	0.080000	0.000000	0.000000	0.080000	0.080000	0.040000	0.120000	0.040000	0.080000	0.000000	0.000000	
0.040000	0.000000	0.240000	0.040000	0.000000	0.080000	0.040000	0.040000	0.000000	0.240000	0.000000	0.000000	0.120000	0.000000	0.040000	0.040000	0.000000	0.080000	0.000000	0.000000	
0.000000	0.000000	0.160000	0.040000	0.000000	0.120000	0.040000	0.000000	0.040000	0.120000	0.000000	0.000000	0.120000	0.040000	0.040000	0.240000	0.000000	0.040000	0.000000	0.000000	
0.000000	0.000000	1.000000	0.000000	0.000000	0.000000	0.000000	0.000000	0.000000	0.000000	0.000000	0.000000	0.000000	0.000000	0.000000	0.000000	0.000000	0.000000	0.000000	0.000000	
0.160000	0.000000	0.040000	0.000000	0.040000	0.040000	0.000000	0.000000	0.040000	0.040000	0.120000	0.040000	0.280000	0.080000	0.040000	0.040000	0.040000	0.000000	0.000000	0.000000	
0.160000	0.000000	0.040000	0.120000	0.080000	0.040000	0.000000	0.000000	0.000000	0.000000	0.000000	0.040000	0.160000	0.000000	0.120000	0.080000	0.120000	0.040000	0.000000	0.000000	
0.000000	0.000000	0.000000	0.000000	0.000000	0.000000	0.000000	0.000000	0.000000	0.000000	0.000000	0.000000	0.000000	0.000000	0.000000	1.000000	0.000000	0.000000	0.000000	0.000000	
0.000000	0.000000	0.000000	0.000000	0.000000	0.000000	0.000000	0.000000	0.000000	0.000000	0.000000	0.000000	1.000000	0.000000	0.000000	0.000000	0.000000	0.000000	0.000000	0.000000	
0.120000	0.000000	0.000000	0.000000	0.000000	0.080000	0.000000	0.000000	0.240000	0.120000	0.000000	0.000000	0.120000	0.000000	0.080000	0.040000	0.120000	0.080000	0.000000	0.000000	
0.040000	0.000000	0.040000	0.040000	0.040000	0.080000	0.040000	0.040000	0.080000	0.080000	0.080000	0.000000	0.160000	0.040000	0.040000	0.080000	0.040000	0.040000	0.000000	0.040000	
0.040000	0.000000	0.080000	0.080000	0.000000	0.160000	0.040000	0.000000	0.200000	0.080000	0.000000	0.000000	0.120000	0.040000	0.120000	0.000000	0.040000	0.000000	0.000000	0.000000	
0.120000	0.000000	0.000000	0.080000	0.000000	0.040000	0.000000	0.040000	0.080000	0.080000	0.080000	0.040000	0.080000	0.040000	0.160000	0.120000	0.000000	0.040000	0.000000	0.000000	
0.120000	0.040000	0.040000	0.080000	0.040000	0.080000	0.040000	0.000000	0.040000	0.080000	0.000000	0.040000	0.080000	0.040000	0.160000	0.080000	0.000000	0.000000	0.040000	0.000000	

MOTIF xxxxxG_S_Pxxxxx    .....GSP.....
letter-probability matrix: alength= 20 w= 13 nsites= 45 E= 8.3e-008
0.045455	0.022727	0.090909	0.068182	0.022727	0.159091	0.000000	0.022727	0.068182	0.113636	0.022727	0.000000	0.000000	0.022727	0.090909	0.113636	0.045455	0.090909	0.000000	0.000000	
0.155556	0.000000	0.088889	0.111111	0.000000	0.155556	0.000000	0.066667	0.044444	0.044444	0.022222	0.044444	0.088889	0.022222	0.000000	0.111111	0.022222	0.000000	0.022222	0.000000	
0.000000	0.022222	0.111111	0.088889	0.000000	0.088889	0.066667	0.000000	0.000000	0.155556	0.000000	0.044444	0.177778	0.066667	0.066667	0.088889	0.000000	0.000000	0.000000	0.022222	
0.133333	0.000000	0.000000	0.022222	0.022222	0.088889	0.044444	0.066667	0.044444	0.022222	0.022222	0.022222	0.133333	0.022222	0.022222	0.133333	0.066667	0.066667	0.022222	0.044444	
0.177778	0.000000	0.044444	0.155556	0.000000	0.066667	0.044444	0.022222	0.022222	0.088889	0.000000	0.000000	0.111111	0.000000	0.066667	0.066667	0.066667	0.066667	0.000000	0.000000	
0.000000	0.000000	0.000000	0.000000	0.000000	1.000000	0.000000	0.000000	0.000000	0.000000	0.000000	0.000000	0.000000	0.000000	0.000000	0.000000	0.000000	0.000000	0.000000	0.000000	
0.000000	0.000000	0.000000	0.000000	0.000000	0.000000	0.000000	0.000000	0.000000	0.000000	0.000000	0.000000	0.000000	0.000000	0.000000	1.000000	0.000000	0.000000	0.000000	0.000000	
0.000000	0.000000	0.000000	0.000000	0.000000	0.000000	0.000000	0.000000	0.000000	0.000000	0.000000	0.000000	1.000000	0.000000	0.000000	0.000000	0.000000	0.000000	0.000000	0.000000	
0.155556	0.000000	0.022222	0.111111	0.044444	0.066667	0.044444	0.000000	0.066667	0.155556	0.000000	0.022222	0.044444	0.066667	0.066667	0.066667	0.000000	0.044444	0.000000	0.022222	
0.044444	0.000000	0.022222	0.066667	0.000000	0.000000	0.000000	0.000000	0.133333	0.177778	0.022222	0.022222	0.044444	0.000000	0.244444	0.066667	0.111111	0.022222	0.000000	0.022222	
0.133333	0.000000	0.066667	0.066667	0.022222	0.044444	0.000000	0.022222	0.044444	0.044444	0.000000	0.000000	0.155556	0.022222	0.066667	0.200000	0.066667	0.044444	0.000000	0.000000	
0.066667	0.000000	0.022222	0.133333	0.000000	0.111111	0.000000	0.022222	0.044444	0.088889	0.000000	0.000000	0.111111	0.044444	0.088889	0.066667	0.066667	0.111111	0.000000	0.022222	
0.111111	0.000000	0.022222	0.044444	0.000000	0.044444	0.000000	0.022222	0.044444	0.133333	0.022222	0.066667	0.066667	0.000000	0.133333	0.222222	0.044444	0.022222	0.000000	0.000000	

MOTIF xxxxxx_S_PxKxxx    ......SP.K...
letter-probability matrix: alength= 20 w= 13 nsites= 36 E= 4.2e-009
0.055556	0.000000	0.055556	0.083333	0.027778	0.166667	0.027778	0.000000	0.111111	0.111111	0.027778	0.083333	0.055556	0.055556	0.000000	0.083333	0.000000	0.000000	0.000000	0.055556	
0.111111	0.000000	0.027778	0.083333	0.083333	0.055556	0.055556	0.027778	0.027778	0.111111	0.000000	0.055556	0.083333	0.027778	0.027778	0.083333	0.027778	0.055556	0.000000	0.055556	
0.000000	0.000000	0.083333	0.166667	0.000000	0.055556	0.027778	0.027778	0.000000	0.138889	0.000000	0.083333	0.222222	0.027778	0.000000	0.138889	0.000000	0.000000	0.000000	0.027778	
0.138889	0.000000	0.000000	0.027778	0.027778	0.055556	0.000000	0.055556	0.027778	0.055556	0.027778	0.000000	0.222222	0.083333	0.055556	0.111111	0.000000	0.083333	0.000000	0.027778	
0.000000	0.000000	0.027778	0.055556	0.083333	0.000000	0.055556	0.083333	0.027778	0.111111	0.027778	0.027778	0.055556	0.027778	0.000000	0.194444	0.027778	0.111111	0.000000	0.083333	
0.166667	0.027778	0.055556	0.111111	0.000000	0.000000	0.027778	0.083333	0.194444	0.000000	0.000000	0.027778	0.111111	0.027778	0.055556	0.055556	0.000000	0.055556	0.000000	0.000000	
0.000000	0.000000	0.000000	0.000000	0.000000	0.000000	0.000000	0.000000	0.000000	0.000000	0.000000	0.000000	0.000000	0.000000	0.000000	1.000000	0.000000	0.000000	0.000000	0.000000	
0.000000	0.000000	0.000000	0.000000	0.000000	0.000000	0.000000	0.000000	0.000000	0.000000	0.000000	0.000000	1.000000	0.000000	0.000000	0.000000	0.000000	0.000000	0.000000	0.000000	
0.166667	0.000000	0.000000	0.083333	0.000000	0.027778	0.027778	0.055556	0.055556	0.055556	0.027778	0.027778	0.083333	0.055556	0.027778	0.222222	0.055556	0.027778	0.000000	0.000000	
0.000000	0.000000	0.000000	0.000000	0.000000	0.000000	0.000000	0.000000	1.000000	0.000000	0.000000	0.000000	0.000000	0.000000	0.000000	0.000000	0.000000	0.000000	0.000000	0.000000	
0.027778	0.027778	0.055556	0.027778	0.055556	0.027778	0.027778	0.000000	0.194444	0.000000	0.000000	0.083333	0.222222	0.027778	0.083333	0.111111	0.027778	0.000000	0.000000	0.000000	
0.083333	0.027778	0.000000	0.083333	0.000000	0.111111	0.027778	0.055556	0.027778	0.055556	0.055556	0.027778	0.111111	0.027778	0.194444	0.055556	0.000000	0.055556	0.000000	0.000000	
0.111111	0.027778	0.055556	0.027778	0.000000	0.083333	0.000000	0.000000	0.083333	0.055556	0.000000	0.000000	0.027778	0.055556	0.222222	0.166667	0.055556	0.000000	0.000000	0.027778	

MOTIF Qxxxxx_S_Pxxxxx    Q.....SP.....
letter-probability matrix: alength= 20 w= 13 nsites= 14 E= 1.1e-004
0.000000	0.000000	0.000000	0.000000	0.000000	0.000000	0.000000	0.000000	0.000000	0.000000	0.000000	0.000000	0.000000	1.000000	0.000000	0.000000	0.000000	0.000000	0.000000	0.000000	
0.071429	0.000000	0.142857	0.357143	0.000000	0.071429	0.000000	0.000000	0.000000	0.000000	0.000000	0.071429	0.071429	0.071429	0.071429	0.071429	0.000000	0.000000	0.000000	0.000000	
0.000000	0.000000	0.071429	0.071429	0.000000	0.142857	0.000000	0.000000	0.000000	0.071429	0.000000	0.000000	0.142857	0.142857	0.071429	0.214286	0.000000	0.071429	0.000000	0.000000	
0.000000	0.000000	0.000000	0.214286	0.000000	0.214286	0.000000	0.000000	0.214286	0.000000	0.000000	0.000000	0.071429	0.000000	0.142857	0.000000	0.000000	0.071429	0.000000	0.071429	
0.000000	0.000000	0.000000	0.142857	0.071429	0.000000	0.071429	0.071429	0.142857	0.071429	0.071429	0.000000	0.071429	0.000000	0.071429	0.071429	0.000000	0.142857	0.000000	0.000000	
0.071429	0.000000	0.000000	0.285714	0.000000	0.000000	0.000000	0.000000	0.142857	0.000000	0.000000	0.000000	0.142857	0.142857	0.000000	0.142857	0.000000	0.000000	0.071429	0.000000	
0.000000	0.000000	0.000000	0.000000	0.000000	0.000000	0.000000	0.000000	0.000000	0.000000	0.000000	0.000000	0.000000	0.000000	0.000000	1.000000	0.000000	0.000000	0.000000	0.000000	
0.000000	0.000000	0.000000	0.000000	0.000000	0.000000	0.000000	0.000000	0.000000	0.000000	0.000000	0.000000	1.000000	0.000000	0.000000	0.000000	0.000000	0.000000	0.000000	0.000000	
0.000000	0.000000	0.000000	0.000000	0.000000	0.000000	0.000000	0.071429	0.071429	0.214286	0.000000	0.000000	0.142857	0.214286	0.071429	0.071429	0.000000	0.142857	0.000000	0.000000	
0.071429	0.000000	0.000000	0.000000	0.000000	0.000000	0.000000	0.000000	0.000000	0.142857	0.000000	0.142857	0.285714	0.000000	0.000000	0.214286	0.142857	0.000000	0.000000	0.000000	
0.142857	0.000000	0.071429	0.000000	0.142857	0.142857	0.000000	0.071429	0.142857	0.071429	0.000000	0.000000	0.000000	0.000000	0.000000	0.214286	0.000000	0.000000	0.000000	0.000000	
0.000000	0.000000	0.000000	0.071429	0.000000	0.071429	0.000000	0.071429	0.142857	0.071429	0.000000	0.000000	0.142857	0.000000	0.071429	0.214286	0.071429	0.071429	0.000000	0.000000	
0.071429	0.000000	0.000000	0.000000	0.071429	0.071429	0.071429	0.000000	0.071429	0.000000	0.000000	0.071429	0.285714	0.000000	0.214286	0.071429	0.000000	0.000000	0.000000	0.000000	

MOTIF xxxxxx_S_Pxxxxx    ......SP.....
letter-probability matrix: alength= 20 w= 13 nsites= 251 E= 7.5e-085
0.088710	0.004032	0.040323	0.080645	0.016129	0.100806	0.020161	0.020161	0.100806	0.080645	0.020161	0.040323	0.096774	0.000000	0.088710	0.108871	0.044355	0.036290	0.008065	0.004032	
0.052209	0.000000	0.016064	0.072289	0.024096	0.080321	0.040161	0.032129	0.064257	0.064257	0.008032	0.032129	0.120482	0.060241	0.104418	0.124498	0.056225	0.040161	0.000000	0.008032	
0.000000	0.004000	0.056000	0.064000	0.012000	0.116000	0.016000	0.036000	0.056000	0.088000	0.012000	0.028000	0.168000	0.052000	0.072000	0.168000	0.000000	0.036000	0.000000	0.016000	
0.096000	0.000000	0.000000	0.068000	0.012000	0.088000	0.028000	0.044000	0.020000	0.076000	0.016000	0.028000	0.152000	0.028000	0.084000	0.128000	0.060000	0.064000	0.008000	0.000000	
0.091633	0.003984	0.043825	0.063745	0.007968	0.071713	0.019920	0.031873	0.015936	0.075697	0.019920	0.019920	0.179283	0.035857	0.051793	0.147410	0.051793	0.051793	0.003984	0.011952	
0.143426	0.003984	0.075697	0.067729	0.039841	0.000000	0.031873	0.011952	0.031873	0.000000	0.031873	0.043825	0.139442	0.071713	0.047809	0.135458	0.051793	0.051793	0.003984	0.015936	
0.000000	0.000000	0.000000	0.000000	0.000000	0.000000	0.000000	0.000000	0.000000	0.000000	0.000000	0.000000	0.000000	0.000000	0.000000	1.000000	0.000000	0.000000	0.000000	0.000000	
0.000000	0.000000	0.000000	0.000000	0.000000	0.000000	0.000000	0.000000	0.000000	0.000000	0.000000	0.000000	1.000000	0.000000	0.000000	0.000000	0.000000	0.000000	0.000000	0.000000	
0.087649	0.007968	0.023904	0.067729	0.003984	0.099602	0.007968	0.007968	0.091633	0.047809	0.019920	0.019920	0.079681	0.067729	0.103586	0.147410	0.047809	0.055777	0.011952	0.000000	
0.079681	0.003984	0.031873	0.039841	0.015936	0.087649	0.031873	0.023904	0.000000	0.127490	0.019920	0.015936	0.183267	0.047809	0.059761	0.087649	0.079681	0.039841	0.000000	0.023904	
0.055777	0.011952	0.023904	0.055777	0.019920	0.103586	0.035857	0.015936	0.087649	0.067729	0.015936	0.011952	0.127490	0.055777	0.067729	0.143426	0.079681	0.019920	0.000000	0.000000	
0.075697	0.000000	0.015936	0.051793	0.019920	0.075697	0.011952	0.011952	0.079681	0.063745	0.015936	0.035857	0.139442	0.063745	0.143426	0.107570	0.035857	0.047809	0.000000	0.003984	
0.059761	0.007968	0.015936	0.055777	0.023904	0.059761	0.015936	0.015936	0.115538	0.055777	0.011952	0.003984	0.143426	0.055777	0.115538	0.091633	0.099602	0.043825	0.003984	0.003984	

